4 7 8 4 7 8 
4 7 8 4 7 8 
4 7 8 4 7 8 
3 7 8 3 7 8 
3 7 8 3 7 8 
3 7 8 3 7 8 
3 7 8 3 7 8 
3 7 8 3 7 8 
3 7 8 3 7 8 
253 257 258 168 171 171 
253 257 258 168 171 171 
253 257 258 168 171 171 
504 507 509 335 337 338 
504 507 509 335 337 338 
504 507 509 335 337 338 
754 757 758 502 504 505 
754 757 758 502 504 505 
754 757 758 502 504 505 
1005 1007 1008 669 670 671 
1005 1007 1008 669 670 671 
1005 1007 1008 669 670 671 
1255 1257 1258 836 837 838 
1255 1257 1258 836 837 838 
1255 1257 1258 836 837 838 
1505 1507 1509 1003 1004 1005 
1502 1504 1506 1001 1002 1003 
1502 1504 1506 1001 1002 1003 
1752 1754 1755 1167 1169 1169 
1752 1754 1755 1167 1169 1169 
1752 1754 1755 1167 1169 1169 
2002 2004 2005 1334 1335 1336 
2002 2004 2005 1334 1335 1336 
2002 2004 2005 1334 1335 1336 
2252 2253 2254 1501 1501 1502 
2252 2253 2254 1501 1501 1502 
2252 2253 2254 1501 1501 1502 
2502 2503 2504 1667 1668 1669 
2502 2503 2504 1667 1668 1669 
2502 2503 2504 1667 1668 1669 
2751 2752 2754 1833 1834 1835 
3001 3002 3004 2000 2001 2002 
3251 3252 3253 2167 2167 2168 
3501 3502 3502 2333 2334 2334 
3750 3751 3752 2499 2500 2501 
4000 4001 4001 2666 2667 2667 
4250 4251 4251 2833 2833 2833 
4500 4500 4500 2999 2999 2999 
4750 4750 4750 3166 3166 3166 
5000 5000 5000 3333 3333 3333 
5000 5000 5000 3333 3333 3333 
5000 5000 5000 3333 3333 3333 
5000 5000 5000 3333 3333 3333 
4990 4990 4990 3326 3326 3326 
4990 4990 4990 3326 3326 3326 
4990 4990 4990 3326 3326 3326 
4990 4990 4990 3326 3326 3326 
5000 5000 5000 3333 3333 3333 
5000 5000 5000 3333 3333 3333 
5000 5000 5000 3333 3333 3333 
5000 5000 5000 3333 3333 3333 
5000 5000 5000 3333 3333 3333 
5000 5000 5000 3333 3333 3333 
5000 5000 5000 3333 3333 3333 
5000 5000 5000 3333 3333 3333 
5000 5000 5000 3333 3333 3333 
5000 5000 5000 3333 3333 3333 
5000 5000 5000 3333 3333 3333 
5000 5000 5000 3333 3333 3333 
5000 5000 5000 3333 3333 3333 
5000 5000 5000 3333 3333 3333 
5000 5000 5000 3333 3333 3333 
5000 5000 5000 3333 3333 3333 
5000 5000 5000 3333 3333 3333 
5000 5000 5000 3333 3333 3333 
5000 5000 5000 3333 3333 3333 
5000 5000 5000 3333 3333 3333 
5000 5000 5000 3333 3333 3333 
5000 5000 5000 3333 3333 3333 
5000 5000 5000 3333 3333 3333 
5000 5000 5000 3333 3333 3333 
5000 5000 5000 3333 3333 3333 
5000 5000 5000 3333 3333 3333 
5000 5000 5000 3333 3333 3333 
5000 5000 5000 3333 3333 3333 
4759 4885 5150 3172 3256 3432 
4759 4885 5150 3172 3256 3432 
4759 4885 5150 3172 3256 3432 
4518 4759 5192 3011 3172 3460 
4518 4759 5192 3011 3172 3460 
4518 4759 5192 3011 3172 3460 
4278 4636 5158 2851 3090 3438 
4278 4636 5158 2851 3090 3438 
4278 4636 5158 2851 3090 3438 
4041 4484 5076 2693 2989 3383 
4041 4484 5076 2693 2989 3383 
4041 4484 5076 2693 2989 3383 
3805 4328 4970 2536 2885 3313 
3805 4328 4970 2536 2885 3313 
3805 4328 4970 2536 2885 3313 
3570 4164 4853 2379 2775 3235 
3570 4164 4853 2379 2775 3235 
3570 4164 4853 2379 2775 3235 
3334 3990 4721 2222 2659 3147 
3334 3990 4721 2222 2659 3147 
3334 3990 4721 2222 2659 3147 
3100 3801 4557 2066 2533 3037 
3100 3801 4557 2066 2533 3037 
3100 3801 4557 2066 2533 3037 
2866 3606 4380 1910 2403 2919 
2866 3606 4380 1910 2403 2919 
2866 3606 4380 1910 2403 2919 
2633 3413 4193 1755 2275 2795 
2633 3413 4193 1755 2275 2795 
2633 3413 4193 1755 2275 2795 
2398 3209 3993 1598 2139 2661 
2165 3005 3806 1443 2003 2537 
1932 2799 3609 1287 1865 2405 
1699 2590 3408 1132 1726 2271 
1231 2170 3005 820 1446 2003 
995 1954 2795 663 1302 1863 
759 1737 2582 505 1157 1721 
524 1522 2376 349 1014 1583 
287 1302 2159 191 867 1439 
289 1194 1792 192 795 1194 
292 1097 1531 194 731 1020 
294 997 1346 195 664 897 
294 997 1346 195 664 897 
294 997 1346 195 664 897 
289 919 1201 192 612 800 
289 919 1201 192 612 800 
289 919 1201 192 612 800 
285 841 1076 189 560 717 
285 841 1076 189 560 717 
285 841 1076 189 560 717 
278 772 961 185 514 640 
278 772 961 185 514 640 
278 772 961 185 514 640 
271 708 857 180 471 571 
271 708 857 180 471 571 
271 708 857 180 471 571 
259 657 782 172 437 521 
259 657 782 172 437 521 
259 657 782 172 437 521 
248 610 719 165 406 479 
248 610 719 165 406 479 
248 610 719 165 406 479 
235 560 662 156 373 441 
235 560 662 156 373 441 
235 560 662 156 373 441 
223 520 620 148 346 413 
223 520 620 148 346 413 
223 520 620 148 346 413 
210 481 564 139 320 375 
210 481 564 139 320 375 
210 481 564 139 320 375 
196 442 516 130 294 343 
196 442 516 130 294 343 
196 442 516 130 294 343 
182 407 473 121 271 315 
168 371 429 111 247 285 
143 309 354 95 205 235 
132 281 323 87 187 215 
120 251 284 79 167 189 
109 225 256 72 149 170 
99 203 228 65 135 151 
90 180 201 59 119 133 
81 160 178 53 106 118 
74 144 161 49 95 107 
67 131 145 44 87 96 
