36 74 93 28 50 69 
36 74 93 28 50 69 
35 74 92 27 50 69 
36 77 98 28 53 72 
36 76 94 28 52 71 
37 77 95 29 53 71 
37 74 91 29 51 69 
36 73 90 28 51 69 
36 72 90 28 50 69 
283 317 335 188 210 222 
530 563 580 353 375 386 
779 809 825 518 538 549 
1025 1054 1070 683 702 713 
1025 1054 1070 683 702 713 
1025 1054 1070 683 702 713 
1273 1300 1315 848 866 876 
1276 1303 1318 850 868 878 
1276 1303 1318 850 868 878 
1525 1549 1563 1016 1032 1041 
1773 1796 1807 1181 1197 1204 
2016 2037 2046 1344 1358 1364 
2264 2284 2293 1508 1521 1527 
2511 2529 2538 1673 1685 1691 
2760 2776 2783 1839 1850 1855 
3007 3021 3026 2004 2013 2016 
3255 3268 3272 2169 2178 2180 
3497 3507 3511 2330 2337 2340 
3744 3752 3756 2495 2501 2503 
3991 3997 4000 2660 2664 2666 
4237 4241 4244 2823 2826 2828 
4502 4505 4506 3001 3003 3003 
4502 4505 4506 3001 3003 3003 
4502 4505 4506 3001 3003 3003 
4751 4752 4753 3167 3167 3168 
4751 4752 4753 3167 3167 3168 
4751 4752 4753 3167 3167 3168 
5000 5000 5000 3333 3333 3333 
5000 5000 5000 3333 3333 3333 
5000 5000 5000 3333 3333 3333 
5000 5000 5000 3333 3333 3333 
4990 4990 4990 3326 3326 3326 
4990 4990 4990 3326 3326 3326 
4990 4990 4990 3326 3326 3326 
4990 4990 4990 3326 3326 3326 
4990 4990 4990 3326 3326 3326 
4990 4990 4990 3326 3326 3326 
4990 4990 4990 3326 3326 3326 
5000 5000 5000 3333 3333 3333 
5000 5000 5000 3333 3333 3333 
5000 5000 5000 3333 3333 3333 
5000 5000 5000 3333 3333 3333 
4980 4980 4980 3319 3319 3319 
4980 4980 4980 3319 3319 3319 
4980 4980 4980 3319 3319 3319 
5000 5000 5000 3333 3333 3333 
5000 5000 5000 3333 3333 3333 
5000 5000 5000 3333 3333 3333 
5000 5000 5000 3333 3333 3333 
5000 5000 5000 3333 3333 3333 
5000 5000 5000 3333 3333 3333 
5000 5000 5000 3333 3333 3333 
5000 5000 5000 3333 3333 3333 
5000 5000 5000 3333 3333 3333 
5000 5000 5000 3333 3333 3333 
5000 5000 5000 3333 3333 3333 
5000 5000 5000 3333 3333 3333 
5000 5000 5000 3333 3333 3333 
5000 5000 5000 3333 3333 3333 
5000 5000 5000 3333 3333 3333 
5000 5000 5000 3333 3333 3333 
5000 5000 5000 3333 3333 3333 
5000 5000 5000 3333 3333 3333 
5000 5000 5000 3333 3333 3333 
5000 5000 5000 3333 3333 3333 
5000 5000 5000 3333 3333 3333 
4757 4881 5046 3171 3253 3363 
4757 4881 5046 3171 3253 3363 
4757 4881 5046 3171 3253 3363 
4757 4881 5046 3171 3253 3363 
4757 4881 5046 3171 3253 3363 
4757 4881 5046 3171 3253 3363 
4520 4715 4921 3013 3143 3280 
4520 4715 4921 3013 3143 3280 
4520 4715 4921 3013 3143 3280 
4285 4527 4745 2856 3017 3163 
4285 4527 4745 2856 3017 3163 
4285 4527 4745 2856 3017 3163 
4053 4331 4560 2701 2887 3039 
4053 4331 4560 2701 2887 3039 
4053 4331 4560 2701 2887 3039 
3820 4129 4366 2546 2752 2910 
3820 4129 4366 2546 2752 2910 
3820 4129 4366 2546 2752 2910 
3588 3927 4173 2391 2617 2781 
3588 3927 4173 2391 2617 2781 
3588 3927 4173 2391 2617 2781 
3355 3720 3980 2236 2479 2653 
3355 3720 3980 2236 2479 2653 
3122 3509 3776 2081 2339 2517 
3122 3509 3776 2081 2339 2517 
3122 3509 3776 2081 2339 2517 
2889 3300 3573 1925 2199 2381 
2889 3300 3573 1925 2199 2381 
2889 3300 3573 1925 2199 2381 
2654 3081 3360 1769 2053 2239 
2419 2865 3147 1612 1909 2097 
2184 2645 2931 1455 1763 1953 
1948 2426 2719 1298 1617 1812 
1713 2204 2499 1141 1469 1665 
1477 1983 2280 984 1321 1519 
1241 1759 2057 827 1172 1371 
1001 1528 1831 667 1018 1220 
761 1295 1599 507 863 1065 
521 1062 1369 347 707 912 
523 945 1089 348 629 725 
282 712 857 187 474 571 
279 645 750 185 429 499 
279 645 750 185 429 499 
279 645 750 185 429 499 
272 601 698 181 400 465 
272 601 698 181 400 465 
272 601 698 181 400 465 
262 562 649 174 374 432 
262 562 649 174 374 432 
262 562 649 174 374 432 
251 527 609 167 351 405 
251 527 609 167 351 405 
251 527 609 167 351 405 
240 493 568 159 328 378 
240 493 568 159 328 378 
240 493 568 159 328 378 
229 461 523 152 307 348 
218 433 491 145 288 327 
206 401 453 137 267 301 
196 381 429 130 253 285 
185 357 402 123 237 267 
175 335 378 116 223 251 
164 313 349 109 208 232 
144 273 304 95 181 202 
134 255 287 89 169 191 
128 244 272 85 162 181 
122 235 261 81 156 173 
116 225 250 77 149 166 
116 225 250 77 149 166 
116 225 250 77 149 166 
110 216 242 73 143 161 
110 216 242 73 143 161 
110 216 242 73 143 161 
104 205 231 69 136 153 
104 205 231 69 136 153 
104 205 231 69 136 153 
98 195 219 65 129 145 
98 195 219 65 129 145 
98 195 219 65 129 145 
