38 75 84 29 51 66 
36 71 80 28 50 64 
34 68 78 28 49 63 
32 65 73 27 48 61 
32 65 73 27 48 61 
32 65 73 27 48 61 
280 310 318 186 206 211 
280 310 318 186 206 211 
280 310 318 186 206 211 
528 555 564 351 369 375 
528 555 564 351 369 375 
528 555 564 351 369 375 
776 801 808 517 533 538 
776 801 808 517 533 538 
776 801 808 517 533 538 
1023 1045 1051 681 696 700 
1023 1045 1051 681 696 700 
1023 1045 1051 681 696 700 
1271 1290 1296 847 859 863 
1271 1290 1296 847 859 863 
1268 1287 1293 845 857 861 
1515 1533 1539 1009 1021 1025 
1515 1533 1539 1009 1021 1025 
1519 1537 1543 1012 1024 1028 
1767 1783 1788 1177 1188 1191 
1767 1783 1788 1177 1188 1191 
1767 1783 1788 1177 1188 1191 
2010 2025 2029 1340 1350 1352 
2010 2025 2029 1340 1350 1352 
2010 2025 2029 1340 1350 1352 
2254 2266 2270 1502 1510 1512 
2254 2266 2270 1502 1510 1512 
2254 2266 2270 1502 1510 1512 
2501 2513 2516 1666 1675 1677 
2749 2759 2762 1831 1839 1841 
2997 3005 3007 1997 2003 2004 
3244 3252 3255 2162 2167 2169 
3506 3512 3515 2337 2341 2343 
3755 3760 3762 2503 2506 2507 
4004 4008 4010 2669 2671 2673 
4253 4256 4257 2835 2837 2837 
4501 4504 4504 3000 3002 3002 
4750 4751 4751 3166 3167 3167 
4990 4990 4990 3326 3326 3326 
4990 4990 4990 3326 3326 3326 
4990 4990 4990 3326 3326 3326 
4990 4990 4990 3326 3326 3326 
4980 4980 4980 3319 3319 3319 
4980 4980 4980 3319 3319 3319 
4980 4980 4980 3319 3319 3319 
5000 5000 5000 3333 3333 3333 
5000 5000 5000 3333 3333 3333 
5000 5000 5000 3333 3333 3333 
5000 5000 5000 3333 3333 3333 
4990 4990 4990 3326 3326 3326 
4990 4990 4990 3326 3326 3326 
4990 4990 4990 3326 3326 3326 
4990 4990 4990 3326 3326 3326 
4990 4990 4990 3326 3326 3326 
4990 4990 4990 3326 3326 3326 
4990 4990 4990 3326 3326 3326 
4990 4990 4990 3326 3326 3326 
4990 4990 4990 3326 3326 3326 
4990 4990 4990 3326 3326 3326 
4980 4980 4980 3319 3319 3319 
4980 4980 4980 3319 3319 3319 
4980 4980 4980 3319 3319 3319 
4980 4980 4980 3319 3319 3319 
5000 5000 5000 3333 3333 3333 
5000 5000 5000 3333 3333 3333 
5000 5000 5000 3333 3333 3333 
5000 5000 5000 3333 3333 3333 
5000 5000 5000 3333 3333 3333 
5000 5000 5000 3333 3333 3333 
5000 5000 5000 3333 3333 3333 
5000 5000 5000 3333 3333 3333 
5000 5000 5000 3333 3333 3333 
5000 5000 5000 3333 3333 3333 
5000 5000 5000 3333 3333 3333 
5000 5000 5000 3333 3333 3333 
5000 5000 5000 3333 3333 3333 
5000 5000 5000 3333 3333 3333 
5000 5000 5000 3333 3333 3333 
5000 5000 5000 3333 3333 3333 
5000 5000 5000 3333 3333 3333 
5000 5000 5000 3333 3333 3333 
4759 4858 4967 3172 3238 3311 
4759 4858 4967 3172 3238 3311 
4759 4858 4967 3172 3238 3311 
4520 4691 4846 3013 3127 3230 
4520 4691 4846 3013 3127 3230 
4520 4691 4846 3013 3127 3230 
4282 4514 4704 2854 3009 3135 
4282 4514 4704 2854 3009 3135 
4282 4514 4704 2854 3009 3135 
4049 4321 4539 2699 2880 3025 
4049 4321 4539 2699 2880 3025 
4049 4321 4539 2699 2880 3025 
3815 4124 4366 2543 2749 2910 
3815 4124 4366 2543 2749 2910 
3815 4124 4366 2543 2749 2910 
3582 3926 4185 2387 2617 2789 
3582 3926 4185 2387 2617 2789 
3582 3926 4185 2387 2617 2789 
3347 3725 4010 2231 2483 2673 
3347 3725 4010 2231 2483 2673 
3347 3725 4010 2231 2483 2673 
3114 3536 3843 2075 2357 2561 
3114 3536 3843 2075 2357 2561 
3114 3536 3843 2075 2357 2561 
2880 3347 3683 1919 2231 2455 
2880 3347 3683 1919 2231 2455 
2880 3347 3683 1919 2231 2455 
2646 3159 3510 1763 2105 2339 
2646 3159 3510 1763 2105 2339 
2646 3159 3510 1763 2105 2339 
2177 2756 3136 1451 1837 2090 
1943 2556 2953 1295 1703 1968 
1695 2340 2748 1129 1559 1831 
1463 2144 2564 975 1429 1709 
1231 1949 2384 820 1298 1589 
999 1752 2202 665 1167 1467 
766 1556 2031 510 1036 1354 
546 1391 1895 364 926 1262 
307 1189 1711 203 792 1140 
314 1128 1562 208 751 1041 
317 1093 1513 210 728 1008 
316 1055 1451 210 703 967 
316 1055 1451 210 703 967 
316 1055 1451 210 703 967 
306 1022 1393 203 681 928 
306 1022 1393 203 681 928 
306 1022 1393 203 681 928 
302 1010 1371 200 673 913 
316 1056 1433 210 703 954 
316 1056 1433 210 703 954 
315 1042 1420 210 694 945 
315 1042 1420 210 694 945 
308 1018 1386 205 678 923 
306 1013 1373 203 675 915 
306 1013 1373 203 675 915 
305 1010 1370 202 673 913 
305 996 1339 202 663 892 
305 996 1339 202 663 892 
305 996 1339 202 663 892 
304 989 1324 202 658 882 
304 989 1324 202 658 882 
304 989 1324 202 658 882 
303 980 1316 201 652 877 
303 980 1316 201 652 877 
303 980 1316 201 652 877 
302 982 1322 200 653 881 
302 982 1322 200 653 881 
303 984 1325 201 655 883 
306 985 1332 203 656 887 
306 985 1332 203 656 887 
305 983 1329 202 654 885 
303 985 1332 201 655 887 
303 985 1332 201 655 887 
303 985 1332 201 655 887 
304 985 1333 202 656 888 
304 985 1333 202 656 888 
304 985 1333 202 656 888 
305 984 1329 203 655 885 
304 982 1326 202 653 883 
304 982 1326 202 653 883 
304 976 1321 202 649 880 
304 976 1321 202 649 880 
305 978 1324 203 651 882 
302 966 1314 201 643 875 
302 966 1314 201 643 875 
301 964 1311 200 641 873 
299 950 1278 198 632 851 
299 950 1278 198 632 851 
299 950 1278 198 632 851 
300 938 1259 199 625 839 
300 925 1243 199 616 828 
299 916 1221 199 610 813 
298 905 1187 198 603 791 
296 892 1161 196 593 773 
295 885 1155 196 589 769 
297 883 1146 197 587 763 
297 885 1139 197 589 759 
298 883 1129 198 588 752 
296 874 1125 197 582 749 
294 860 1103 195 573 735 
292 846 1084 194 563 722 
291 830 1060 193 553 706 
291 830 1060 193 553 706 
291 830 1060 193 553 706 
286 817 1039 190 543 692 
286 817 1039 190 543 692 
286 817 1039 190 543 692 
286 802 1024 190 533 682 
287 804 1027 191 535 684 
287 804 1027 191 535 684 
286 791 1005 190 527 669 
286 791 1005 190 527 669 
286 791 1005 190 527 669 
284 776 983 189 517 655 
284 776 983 189 517 655 
284 776 983 189 517 655 
282 761 962 187 507 641 
282 761 962 187 507 641 
282 761 962 187 507 641 
279 751 943 185 500 628 
279 751 943 185 500 628 
279 751 943 185 500 628 
274 740 933 182 493 621 
274 740 933 182 493 621 
274 740 933 182 493 621 
263 710 894 175 473 595 
263 710 894 175 473 595 
263 710 894 175 473 595 
258 693 866 172 461 576 
267 717 896 178 477 596 
267 717 896 178 477 596 
260 696 868 173 463 578 
256 684 853 170 455 568 
256 684 853 170 455 568 
251 664 829 167 442 552 
251 664 829 167 442 552 
251 664 829 167 442 552 
246 643 804 163 428 535 
246 643 804 163 428 535 
246 643 804 163 428 535 
239 622 776 159 414 517 
239 622 776 159 414 517 
239 622 776 159 414 517 
233 598 749 155 398 499 
233 598 749 155 398 499 
233 598 749 155 398 499 
226 574 721 150 382 480 
226 574 721 150 382 480 
226 574 721 150 382 480 
217 545 683 144 363 455 
217 545 683 144 363 455 
217 545 683 144 363 455 
209 523 653 139 348 435 
209 523 653 139 348 435 
209 523 653 139 348 435 
202 496 616 134 330 410 
193 468 578 128 311 385 
184 446 545 122 297 363 
175 417 506 116 277 337 
166 391 465 110 260 309 
156 365 434 103 243 289 
147 339 406 97 225 270 
139 317 377 92 211 251 
134 301 354 89 200 235 
129 286 333 85 190 221 
127 278 322 84 185 214 
122 270 312 80 179 208 
121 268 309 79 178 206 
121 268 309 79 178 206 
121 268 309 79 178 206 
122 272 314 81 180 208 
120 268 308 80 177 205 
118 265 305 78 175 203 
115 260 297 76 173 197 
113 255 291 75 169 193 
112 251 290 74 167 193 
108 245 281 72 163 186 
107 240 275 71 159 182 
106 238 274 70 158 182 
105 236 271 70 157 180 
108 243 280 72 161 185 
107 240 277 71 159 183 
107 238 276 71 158 183 
106 235 272 70 156 181 
106 235 272 70 156 181 
104 233 270 69 155 179 
104 233 270 69 155 179 
103 232 268 68 154 178 
101 228 260 66 151 173 
98 221 252 64 146 168 
96 217 249 63 143 165 
92 208 241 61 137 159 
