27 52 59 24 42 53 
24 47 54 22 39 50 
24 47 54 22 39 50 
22 43 50 21 37 48 
23 45 52 22 38 50 
23 45 52 22 38 50 
276 297 303 183 197 201 
270 290 296 179 193 197 
270 290 296 179 193 197 
518 536 542 345 357 361 
518 536 542 345 357 361 
518 536 542 345 357 361 
767 783 788 511 521 525 
767 783 788 511 521 525 
765 781 786 509 519 523 
1012 1027 1032 674 684 687 
1012 1027 1032 674 684 687 
1012 1027 1032 674 684 687 
1261 1274 1279 840 849 852 
1261 1274 1279 840 849 852 
1261 1274 1279 840 849 852 
1508 1520 1525 1004 1012 1016 
1508 1520 1525 1004 1012 1016 
1508 1520 1525 1004 1012 1016 
1758 1768 1773 1171 1178 1181 
2005 2015 2017 1336 1343 1344 
2254 2263 2264 1502 1507 1508 
2503 2510 2510 1667 1673 1673 
2746 2753 2754 1829 1834 1835 
2994 3001 3001 1995 2000 2000 
3242 3248 3249 2160 2164 2165 
3490 3495 3496 2325 2329 2329 
3739 3742 3743 2492 2494 2495 
3987 3990 3991 2657 2659 2660 
4235 4237 4238 2822 2823 2824 
4501 4502 4503 3000 3001 3001 
4750 4751 4751 3166 3167 3167 
4750 4751 4751 3166 3167 3167 
4750 4751 4751 3166 3167 3167 
5000 5000 5000 3333 3333 3333 
5000 5000 5000 3333 3333 3333 
5000 5000 5000 3333 3333 3333 
4990 4990 4990 3326 3326 3326 
4990 4990 4990 3326 3326 3326 
4990 4990 4990 3326 3326 3326 
5000 5000 5000 3333 3333 3333 
5000 5000 5000 3333 3333 3333 
5000 5000 5000 3333 3333 3333 
4990 4990 4990 3326 3326 3326 
4990 4990 4990 3326 3326 3326 
4990 4990 4990 3326 3326 3326 
4990 4990 4990 3326 3326 3326 
4990 4990 4990 3326 3326 3326 
4990 4990 4990 3326 3326 3326 
4990 4990 4990 3326 3326 3326 
4990 4990 4990 3326 3326 3326 
4990 4990 4990 3326 3326 3326 
4990 4990 4990 3326 3326 3326 
4990 4990 4990 3326 3326 3326 
4990 4990 4990 3326 3326 3326 
4990 4990 4990 3326 3326 3326 
4990 4990 4990 3326 3326 3326 
4980 4980 4980 3319 3319 3319 
4980 4980 4980 3319 3319 3319 
4980 4980 4980 3319 3319 3319 
4980 4980 4980 3319 3319 3319 
5000 5000 5000 3333 3333 3333 
5000 5000 5000 3333 3333 3333 
5000 5000 5000 3333 3333 3333 
4921 4921 4921 3280 3280 3280 
4921 4921 4921 3280 3280 3280 
4921 4921 4921 3280 3280 3280 
4921 4921 4921 3280 3280 3280 
5122 5122 5122 3414 3414 3414 
5122 5122 5122 3414 3414 3414 
5122 5122 5122 3414 3414 3414 
5000 5000 5000 3333 3333 3333 
5000 5000 5000 3333 3333 3333 
5000 5000 5000 3333 3333 3333 
5000 5000 5000 3333 3333 3333 
4990 4990 4990 3326 3326 3326 
4990 4990 4990 3326 3326 3326 
4990 4990 4990 3326 3326 3326 
5000 5000 5000 3333 3333 3333 
5000 5000 5000 3333 3333 3333 
5000 5000 5000 3333 3333 3333 
5000 5000 5000 3333 3333 3333 
5000 5000 5000 3333 3333 3333 
5000 5000 5000 3333 3333 3333 
5000 5000 5000 3333 3333 3333 
5000 5000 5000 3333 3333 3333 
5000 5000 5000 3333 3333 3333 
5000 5000 5000 3333 3333 3333 
5000 5000 5000 3333 3333 3333 
5000 5000 5000 3333 3333 3333 
5000 5000 5000 3333 3333 3333 
5000 5000 5000 3333 3333 3333 
5000 5000 5000 3333 3333 3333 
5000 5000 5000 3333 3333 3333 
5000 5000 5000 3333 3333 3333 
5000 5000 5000 3333 3333 3333 
5000 5000 5000 3333 3333 3333 
4755 4852 5299 3169 3234 3532 
4755 4852 5299 3169 3234 3532 
4755 4852 5299 3169 3234 3532 
4513 4733 5461 3008 3155 3640 
4513 4733 5461 3008 3155 3640 
4513 4733 5461 3008 3155 3640 
4271 4604 5583 2847 3069 3721 
4271 4604 5583 2847 3069 3721 
4271 4604 5583 2847 3069 3721 
4028 4474 5607 2685 2982 3737 
4028 4474 5607 2685 2982 3737 
4028 4474 5607 2685 2982 3737 
3723 4256 5479 2481 2837 3652 
3723 4256 5479 2481 2837 3652 
3723 4256 5479 2481 2837 3652 
3489 4109 5404 2325 2738 3602 
3639 4285 5637 2425 2856 3756 
3639 4285 5637 2425 2856 3756 
3395 4122 5527 2263 2747 3684 
3395 4122 5527 2263 2747 3684 
3314 4024 5395 2209 2682 3596 
3080 3846 5236 2053 2563 3490 
3080 3846 5236 2053 2563 3490 
3080 3846 5236 2053 2563 3490 
2840 3647 5055 1893 2431 3369 
2840 3647 5055 1893 2431 3369 
2840 3647 5055 1893 2431 3369 
2605 3444 4867 1736 2295 3244 
2605 3444 4867 1736 2295 3244 
2605 3444 4867 1736 2295 3244 
2373 3230 4660 1581 2152 3106 
2142 3020 4460 1427 2013 2973 
1907 2808 4253 1271 1871 2835 
1671 2591 4042 1113 1727 2694 
1435 2375 3832 956 1583 2554 
1196 2151 3609 797 1434 2406 
959 1931 3394 638 1286 2262 
721 1707 3171 480 1137 2113 
482 1478 2945 320 985 1963 
242 1248 2721 161 831 1813 
244 1161 2190 162 773 1459 
245 1046 1796 163 697 1197 
242 935 1437 160 622 957 
242 935 1437 160 622 957 
242 935 1437 160 622 957 
237 817 1164 157 544 775 
237 817 1164 157 544 775 
237 817 1164 157 544 775 
230 718 955 152 478 636 
238 743 988 157 494 658 
238 743 988 157 494 658 
231 649 820 153 432 546 
227 638 806 151 425 537 
227 638 806 151 425 537 
218 555 675 145 369 449 
218 555 675 145 369 449 
218 555 675 145 369 449 
205 489 590 136 325 393 
205 489 590 136 325 393 
205 489 590 136 325 393 
193 436 518 128 290 345 
180 395 462 119 263 307 
166 363 422 110 241 281 
153 334 387 101 222 257 
141 301 349 93 200 232 
129 273 319 85 181 212 
118 244 284 78 162 189 
106 216 254 70 143 169 
96 194 228 63 129 151 
86 173 209 56 114 138 
78 157 194 51 104 128 
71 145 179 46 96 118 
65 133 163 42 88 108 
60 122 151 39 81 100 
60 122 151 39 81 100 
55 112 139 36 74 92 
52 103 127 35 68 84 
49 99 126 34 65 83 
47 96 122 33 63 81 
45 93 115 32 61 78 
44 90 113 32 59 77 
42 88 110 31 58 76 
42 87 109 31 57 76 
41 87 109 31 57 76 
