8 18 20 8 18 20 
8 18 20 8 18 20 
8 18 20 8 18 20 
8 18 20 8 18 20 
8 18 20 8 18 20 
8 18 20 8 18 20 
8 18 20 8 18 20 
8 18 20 8 18 20 
8 18 19 8 18 19 
8 18 19 8 18 19 
8 18 19 8 18 19 
8 18 20 8 18 20 
8 18 20 8 18 20 
8 18 20 8 18 20 
8 18 20 8 18 20 
8 18 20 8 18 20 
8 18 20 8 18 20 
8 18 20 8 18 20 
8 18 20 8 18 20 
8 18 20 8 18 20 
8 18 20 8 18 20 
8 18 20 8 18 20 
8 18 20 8 18 20 
8 18 20 8 18 20 
8 18 20 8 18 20 
8 18 20 8 18 20 
8 18 21 8 18 21 
8 18 21 8 18 21 
7 17 20 7 17 20 
7 17 20 7 17 20 
7 17 20 7 17 20 
8 18 21 8 18 21 
258 267 270 171 177 179 
258 267 270 171 177 179 
258 267 270 171 177 179 
507 516 519 337 343 345 
507 516 519 337 343 345 
507 516 519 337 343 345 
757 765 768 504 509 511 
757 765 768 504 509 511 
757 765 768 504 509 511 
999 1005 1008 665 669 671 
999 1005 1008 665 669 671 
999 1005 1008 665 669 671 
1246 1252 1255 830 834 836 
1271 1278 1281 847 851 853 
1271 1278 1281 847 851 853 
1524 1530 1532 1015 1019 1021 
1751 1757 1760 1166 1170 1172 
2001 2005 2007 1333 1336 1338 
2249 2255 2256 1499 1503 1503 
2499 2504 2505 1665 1668 1669 
2736 2741 2743 1824 1827 1828 
2985 2989 2991 1989 1992 1993 
3233 3236 3238 2155 2157 2158 
3495 3498 3500 2329 2331 2332 
3744 3747 3748 2496 2498 2498 
3993 3995 3996 2661 2662 2663 
4234 4235 4237 2821 2822 2823 
4482 4483 4485 2987 2988 2989 
4482 4483 4485 2987 2988 2989 
4482 4483 4485 2987 2988 2989 
4740 4740 4740 3159 3159 3159 
4740 4740 4740 3159 3159 3159 
4740 4740 4740 3159 3159 3159 
4990 4990 4990 3326 3326 3326 
4990 4990 4990 3326 3326 3326 
4990 4990 4990 3326 3326 3326 
4990 4990 4990 3326 3326 3326 
4990 4990 4990 3326 3326 3326 
4990 4990 4990 3326 3326 3326 
4990 4990 4990 3326 3326 3326 
4990 4990 4990 3326 3326 3326 
4990 4990 4990 3326 3326 3326 
4990 4990 4990 3326 3326 3326 
4990 4990 4990 3326 3326 3326 
4980 4980 4980 3319 3319 3319 
4980 4980 4980 3319 3319 3319 
4980 4980 4980 3319 3319 3319 
5000 5000 5000 3333 3333 3333 
5000 5000 5000 3333 3333 3333 
5000 5000 5000 3333 3333 3333 
5000 5000 5000 3333 3333 3333 
5000 5000 5000 3333 3333 3333 
5000 5000 5000 3333 3333 3333 
5000 5000 5000 3333 3333 3333 
5000 5000 5000 3333 3333 3333 
5000 5000 5000 3333 3333 3333 
5000 5000 5000 3333 3333 3333 
5000 5000 5000 3333 3333 3333 
5000 5000 5000 3333 3333 3333 
5000 5000 5000 3333 3333 3333 
5000 5000 5000 3333 3333 3333 
5000 5000 5000 3333 3333 3333 
5000 5000 5000 3333 3333 3333 
5000 5000 5000 3333 3333 3333 
5000 5000 5000 3333 3333 3333 
5000 5000 5000 3333 3333 3333 
5000 5000 5000 3333 3333 3333 
5000 5000 5000 3333 3333 3333 
5000 5000 5000 3333 3333 3333 
5000 5000 5000 3333 3333 3333 
5000 5000 5000 3333 3333 3333 
5000 5000 5000 3333 3333 3333 
5000 5000 5000 3333 3333 3333 
5000 5000 5000 3333 3333 3333 
5000 5000 5000 3333 3333 3333 
5000 5000 5000 3333 3333 3333 
5000 5000 5000 3333 3333 3333 
5000 5000 5000 3333 3333 3333 
4980 4980 4980 3319 3319 3319 
4980 4980 4980 3319 3319 3319 
4980 4980 4980 3319 3319 3319 
4980 4980 4980 3319 3319 3319 
5040 5040 5040 3359 3359 3359 
5040 5040 5040 3359 3359 3359 
5040 5040 5040 3359 3359 3359 
5040 5040 5040 3359 3359 3359 
5000 5000 5000 3333 3333 3333 
5000 5000 5000 3333 3333 3333 
5000 5000 5000 3333 3333 3333 
5000 5000 5000 3333 3333 3333 
5000 5000 5000 3333 3333 3333 
5000 5000 5000 3333 3333 3333 
5000 5000 5000 3333 3333 3333 
5000 5000 5000 3333 3333 3333 
5000 5000 5000 3333 3333 3333 
5000 5000 5000 3333 3333 3333 
5000 5000 5000 3333 3333 3333 
5000 5000 5000 3333 3333 3333 
5000 5000 5000 3333 3333 3333 
4756 4838 5215 3170 3225 3476 
4756 4838 5215 3170 3225 3476 
4756 4838 5215 3170 3225 3476 
4512 4690 5439 3007 3126 3625 
4512 4690 5439 3007 3126 3625 
4512 4690 5439 3007 3126 3625 
4267 4552 5654 2844 3034 3768 
4267 4552 5654 2844 3034 3768 
4267 4552 5654 2844 3034 3768 
4025 4427 5770 2683 2951 3846 
4025 4427 5770 2683 2951 3846 
4025 4427 5770 2683 2951 3846 
3784 4323 5856 2522 2881 3903 
3784 4323 5856 2522 2881 3903 
3784 4323 5856 2522 2881 3903 
3543 4200 5857 2361 2799 3904 
3543 4200 5857 2361 2799 3904 
3543 4200 5857 2361 2799 3904 
3304 4076 5867 2202 2717 3910 
3304 4076 5867 2202 2717 3910 
3304 4076 5867 2202 2717 3910 
3064 3948 5856 2042 2631 3903 
3064 3948 5856 2042 2631 3903 
3064 3948 5856 2042 2631 3903 
2826 3804 5801 1883 2535 3866 
2826 3804 5801 1883 2535 3866 
2826 3804 5801 1883 2535 3866 
2592 3652 5716 1727 2434 3810 
2592 3652 5716 1727 2434 3810 
2597 3659 5727 1730 2438 3817 
2358 3520 5661 1572 2345 3773 
2122 3370 5580 1413 2246 3719 
1883 3232 5501 1255 2154 3667 
1646 3090 5411 1097 2059 3607 
1407 2927 5283 937 1951 3521 
1170 2775 5184 779 1849 3455 
934 2621 5070 622 1747 3379 
697 2467 4982 464 1644 3321 
459 2324 4912 305 1549 3274 
223 2174 4830 148 1448 3219 
231 2176 4501 153 1449 3000 
239 2164 4145 159 1441 2762 
249 2144 3827 165 1428 2551 
249 2140 3820 165 1426 2546 
249 2140 3820 165 1426 2546 
257 2098 3578 171 1398 2385 
257 2098 3578 171 1398 2385 
257 2098 3578 171 1398 2385 
264 2027 3351 175 1351 2233 
264 2027 3351 175 1351 2233 
264 2031 3357 175 1353 2237 
270 1959 3175 179 1305 2116 
270 1959 3175 179 1305 2116 
270 1959 3175 179 1305 2116 
275 1905 3013 183 1269 2008 
275 1905 3013 183 1269 2008 
275 1905 3013 183 1269 2008 
280 1833 2840 186 1221 1892 
280 1830 2835 186 1219 1889 
280 1830 2835 186 1219 1889 
283 1782 2713 188 1187 1808 
283 1782 2713 188 1187 1808 
283 1785 2718 188 1189 1811 
283 1759 2664 188 1172 1775 
283 1759 2664 188 1172 1775 
283 1759 2664 188 1172 1775 
286 1705 2562 190 1136 1707 
286 1705 2562 190 1136 1707 
284 1638 2434 189 1092 1622 
284 1638 2434 189 1092 1622 
284 1638 2434 189 1092 1622 
286 1563 2304 190 1041 1535 
296 1617 2384 196 1077 1589 
296 1617 2384 196 1077 1589 
295 1540 2259 195 1026 1505 
295 1540 2259 195 1026 1505 
288 1504 2205 191 1002 1469 
284 1437 2104 189 957 1402 
284 1437 2104 189 957 1402 
284 1437 2104 189 957 1402 
285 1373 1993 189 915 1328 
282 1305 1896 187 869 1263 
279 1235 1764 185 823 1175 
281 1171 1644 187 780 1095 
282 1113 1524 187 741 1015 
282 1063 1437 187 708 957 
281 1011 1371 186 673 913 
277 958 1266 184 637 843 
273 904 1176 181 601 783 
268 849 1093 178 565 728 
266 829 1066 176 552 709 
265 792 1006 175 527 669 
260 768 970 172 511 646 
259 765 967 172 509 644 
259 765 967 172 509 644 
253 724 915 168 482 609 
243 669 825 161 445 549 
234 623 756 155 415 503 
227 593 713 151 395 475 
224 582 701 149 387 467 
221 569 686 147 379 457 
220 565 681 146 376 453 
217 554 668 144 369 445 
208 529 636 137 352 423 
205 520 623 136 346 414 
199 498 594 132 331 396 
192 474 567 128 316 377 
195 473 563 129 315 374 
195 473 563 129 315 374 
195 473 563 129 315 374 
189 465 548 125 309 365 
188 457 542 125 304 361 
187 456 544 124 303 362 
188 462 550 125 307 366 
187 461 549 124 306 366 
186 455 549 123 302 366 
183 450 542 121 299 361 
182 448 541 120 298 360 
184 456 547 122 303 364 
186 458 550 123 304 366 
184 450 543 122 299 362 
180 441 535 119 293 356 
181 447 540 120 297 360 
181 447 540 120 297 360 
181 447 540 120 297 360 
183 465 565 121 309 376 
183 465 565 121 309 376 
184 466 567 122 310 377 
186 477 579 123 317 385 
191 489 590 127 325 393 
194 499 604 129 332 402 
197 514 619 130 342 412 
198 517 625 131 344 416 
200 522 630 132 348 420 
196 501 602 130 333 401 
194 493 590 128 328 393 
191 482 579 126 320 386 
187 471 564 124 313 376 
182 455 544 120 302 362 
177 441 523 117 293 348 
175 434 513 116 288 342 
175 434 513 116 288 342 
175 434 513 116 288 342 
171 427 503 113 284 335 
168 414 488 111 275 325 
166 411 482 110 273 321 
166 411 479 110 273 319 
165 407 472 109 270 314 
159 391 455 105 260 302 
152 362 419 100 240 278 
144 338 389 95 224 258 
138 318 369 91 211 245 
132 304 350 87 202 232 
124 277 320 82 184 212 
119 264 304 78 175 202 
114 252 289 75 167 192 
111 240 275 73 159 182 
111 240 275 73 159 182 
106 229 263 70 152 174 
106 229 263 70 152 174 
106 229 263 70 152 174 
104 220 250 69 146 166 
99 211 239 65 140 159 
96 201 228 63 133 151 
89 189 214 58 125 142 
85 178 202 56 118 134 
83 172 196 54 114 130 
82 170 194 54 112 128 
