[Starting] Opening the serial port - COM9
[Info] Opened the serial port - COM9
91007854779
71007934865
71007965914
71007977939
101007983954
71007984959
71009970941
101009979951
111009985960
91008984961
81009987965
121008985963
71009987966
91009985964
81008987966
71009985964
101009987966
71009971944
71009980954
71009984960
71009986963
81009986964
71009987966
71009986965
71009986966
71009986965
71009986966
71009985965
121008971944
81009981955
71009984960
91009986964
91009986964
81008986966
71009986965
121008986966
81009986965
81008986966
71009986966
71009971945
71009980954
71008985960
71009985963
71009986965
71009986965
71009987966
71009986965
71009987966
71008986965
71009987966
71008971945
71009980954
71009984960
111009985963
81008986964
91008986965
71008986965
81008986966
71009986965
71009986966
81008986965
71009971945
71009981956
81009984960
191009986964
81008986964
71009987966
101009986965
101009987966
71008986965
101009986966
71009986966
71008971945
71009980954
71009985961
91008985962
71009987965
71009985964
71008987966
81009985964
71009987967
81008985965
81008987967
71009971945
131008980954
71009984960
91008985963
81008986964
71009986965
71009986965
71009987966
71008986965
71008987966
81008986965
71009971944
71009981956
71009983959
71009986964
71009986964
71009987966
101009986965
71009986966
71009986966
141009986966
71009986966
71009971946
71009980954
71009985961
71009985962
81008987966
71009986965
91008987967
71008985964
71009987967
101009986965
71009987967
81009971945
141009980954
71009984960
91009986963
71009986964
71008987966
81008986965
91008987966
71009986965
71009987966
151008986965
71008971944
131008981956
191009984959
91009986964
91009985964
101009987966
151009986965
81008986966
81008986965
71009986966
81008986966
91008971945
71009980954
71009985961
101009985962
71009987965
71009986965
81008987967
71009985964
101009987966
71008985964
71009987967
71009971945
71009979953
101009984960
71008985962
71009986965
91008986965
71009986966
71009986966
71009986966
71008986966
81008986965
151009971944
71009981956
71009983959
71009986964
71008985963
111009987966
191009985964
101009987967
101009985964
71008987967
71009985964
71009971945
71008981955
71009984960
71009986964
71009986964
71009986965
71009986965
71009986965
71009986966
71009986965
71009987966
91008972946
71009979953
81009985961
81008985962
71008987966
81009985964
71009987967
91008985964
71009987967
71009985964
71009987967
111009971945
91008980954
71009984960
71009985962
111009986964
131008986965
181009986965
91008986966
71009986965
71009987966
71009985965
71009971944
71008981956
71009983959
71009986964
71009985963
271008987966
71009985964
91008987967
81008986965
71009987967
111009985964
71009971945
71009981955
71008984960
81009986963
121009986964
91008986965
71009986966
71009986965
101009986966
91008985965
81009986966
81009971946
71009979953
81008985961
101009984961
91008987966
111009985964
71009987966
71009985964
71009987966
81008985964
71009987966
91009971945
71009980954
101009984960
71009986963
101009986964
91008986965
71009986965
71009987966
71008986965
91008987966
71009985965
71009970944
71009981956
71009983959
71009986964
91008985963
91009987966
71009985964
91008987966
71008986965
81008987966
191009986965
81009971945
81008980954
71009984960
151009985963
81009986965
101009986965
81008987966
71009986965
71009987966
71009985965
71009987967
71009971946
71009979953
71009985961
71009985962
121008987966
81009985964
111009987966
81008986965
71009986966
71008986965
71009987966
71008971945
81008981955
71009984959
91008986964
71009985964
91008987966
81008986964
71009987966
71008985964
71009987967
71008985964
71009970944
81009981956
91008983959
71009986964
71009985964
71009986966
81008986965
111009986966
111008986965
71009986966
101009986965
71009971945
71008980954
71009985961
71009985962
71008987966
71009985964
81008987966
81008985964
91008987967
71009985964
161009987967
71008971945
71009979953
71008985960
81008985962
71009986965
71009986965
71009986965
71008986965
71009986965
111008986966
71009986965
71009971944
201009981955
71009983959
71009986964
71009985963
81008987966
71008985964
81008987967
71009985964
71009987967
101009985964
71009971944
71008981955
71009984960
91009986963
71009986964
91008986965
71008987966
71009986965
71009987966
71009986965
91009987967
111009971946
91008979953
81008985961
81008985962
101009987966
71009985964
101009987966
131008986964
101008987967
101009986965
81008987966
91008971945
71009980954
71009984960
111009986963
71008986964
71009987966
111009985964
91008987966
81008985964
71008987967
81008985964
71009970944
71009981956
71009983959
71009986964
121008985963
101009986966
101009986964
91009987966
81008986965
81008986966
211009986965
91009971945
81008980954
71009984960
[Done] Closed the serial port 

[Starting] Opening the serial port - COM9
[Info] Opened the serial port - COM9
7 1007 741 625
7 1007 888 781
9 1007 946 869
8 1007 971 918
12 1007 978 940
7 1007 980 950
7 1009 965 933
9 1009 976 946
7 1009 981 954
7 1009 984 959
7 1009 984 961
7 1009 984 962
7 1009 984 961
17 1009 984 961
7 1009 984 961
7 1009 984 962
7 1009 985 964
8 1009 967 939
7 1009 978 951
7 1009 983 958
7 1009 984 961
8 1009 984 961
7 1009 984 961
7 1009 984 961
16 1008 985 963
7 1009 985 964
7 1009 985 964
7 1009 985 963
8 1008 969 941
15 1009 979 952
7 1009 982 957
7 1009 984 959
7 1009 984 961
8 1008 985 962
7 1009 985 964
8 1009 986 964
7 1009 985 964
7 1009 984 962
7 1009 984 962
7 1009 970 943
9 1009 979 951
7 1009 983 957
22 1009 984 960
9 1008 985 962
7 1009 986 964
11 1009 984 964
7 1009 984 963
8 1009 984 962
9 1009 985 962
9 1009 984 962
7 1009 967 940
8 1009 978 949
7 1009 982 955
7 1009 983 959
10 1009 984 960
7 1009 984 961
7 1009 984 960
8 1009 984 961
7 1009 985 962
7 1009 985 963
8 1009 986 964
7 1009 969 942
13 1009 980 952
7 1009 984 958
7 1009 984 961
7 1009 984 961
7 1009 984 962
10 1009 985 962
7 1009 985 963
7 1009 986 964
7 1009 986 964
7 1009 986 964
7 1009 970 943
7 1009 980 953
8 1009 982 957
10 1009 984 960
8 1009 984 961
7 1009 985 963
7 1009 985 964
8 1009 985 964
9 1008 985 963
7 1009 984 962
7 1009 984 962
11 1009 970 943
7 1009 979 951
7 1009 983 957
10 1009 985 961
7 1009 986 964
7 1009 986 964
8 1009 985 963
10 1009 984 962
16 1009 984 962
7 1009 985 963
8 1009 986 964
11 1009 969 942
7 1009 979 952
7 1009 984 959
7 1009 985 962
7 1009 985 963
10 1009 984 962
7 1009 984 962
11 1009 985 963
9 1009 986 964
8 1009 986 965
7 1009 985 964
8 1009 970 942
12 1009 980 953
7 1009 983 958
11 1009 984 960
7 1009 984 961
7 1009 985 962
7 1009 986 964
7 1009 986 965
7 1009 986 965
7 1008 985 964
7 1009 984 962
13 1009 971 944
7 1009 976 951
10 1009 982 956
8 1008 983 959
7 1009 985 962
9 1009 986 964
7 1009 986 965
8 1008 987 964
7 1009 985 963
8 1009 984 963
7 1009 986 964
12 1009 974 945
7 1009 977 952
7 1009 982 957
7 1008 984 960
7 1009 986 963
7 1009 986 964
7 1009 986 965
15 1009 984 964
7 1009 984 963
10 1009 985 963
18 1009 985 964
8 1009 969 942
8 1009 979 952
7 1009 983 958
7 1009 984 961
7 1009 985 962
7 1009 985 963
7 1009 985 963
7 1009 985 963
9 1009 985 963
8 1009 985 964
7 1008 986 964
11 1009 970 943
7 1009 979 952
8 1009 983 958
7 1009 985 961
10 1009 985 963
7 1009 985 963
10 1009 984 963
7 1009 986 964
8 1009 982 962
12 1009 986 963
7 1009 986 964
18 1009 962 941
7 1009 982 952
11 1009 984 958
6 1008 985 962
7 1009 986 963
8 1009 985 964
7 1009 984 963
7 1009 985 963
7 1009 985 964
7 1009 985 964
8 1009 985 963
6 1008 970 943
9 1008 979 952
7 1009 982 957
7 1009 983 959
7 1009 985 962
8 1008 985 963
7 1009 985 963
7 1009 985 964
9 1008 985 964
9 1009 985 964
8 1009 985 964
6 1009 970 942
7 1009 979 952
7 1009 983 958
7 1009 984 960
9 1008 985 962
6 1009 985 963
7 1009 985 964
7 1009 986 964
7 1009 985 964
7 1009 985 963
7 1009 984 962
10 1009 970 943
8 1008 979 952
7 1009 982 956
6 1009 984 960
10 1009 985 962
10 1009 986 964
7 1009 986 965
6 1009 985 964
6 1009 984 962
11 1008 984 962
7 1009 985 963
9 1009 969 942
7 1009 979 952
7 1009 983 958
7 1009 985 962
7 1009 986 964
7 1009 985 964
7 1009 985 963
9 1008 984 962
9 1008 985 963
8 1008 986 964
7 1008 986 965
7 1009 969 942
6 1009 979 952
7 1009 983 958
7 1009 984 961
7 1009 984 962
7 1009 984 961
7 1009 985 962
9 1009 986 964
7 1009 986 965
7 1009 986 965
7 1008 985 963
7 1009 970 943
8 1008 979 953
6 1008 982 957
8 1008 983 958
9 1008 984 960
14 1009 985 963
7 1009 986 965
10 1009 986 966
7 1009 985 964
10 1009 984 962
7 1009 984 961
6 1009 971 944
7 1008 978 951
7 1009 982 956
6 1009 984 960
8 1009 986 964
7 1009 986 965
7 1009 985 964
9 1009 984 962
7 1009 984 961
7 1008 985 962
7 1009 986 964
6 1009 968 941
7 1009 979 952
7 1009 984 959
7 1009 986 963
15 1009 985 964
7 1009 984 962
7 1009 984 961
8 1008 984 962
7 1009 986 964
7 1009 986 966
7 1009 986 966
6 1009 969 942
7 1009 980 954
7 1009 983 959
9 1008 984 960
10 1008 984 960
7 1009 984 961
8 1009 985 963
7 1009 986 965
7 1009 986 966
7 1009 985 964
6 1009 984 962
6 1009 971 944
6 1009 979 952
15 1009 982 956
6 1009 983 959
7 1009 985 962
8 1008 986 964
6 1009 986 966
10 1009 985 964
7 1009 984 962
7 1009 984 961
6 1008 985 962
6 1009 970 943
15 1009 978 951
7 1009 983 957
7 1009 986 962
7 1009 986 965
6 1009 986 965
7 1008 984 963
7 1009 984 961
7 1009 984 962
7 1009 986 964
6 1009 986 966
7 1009 968 941
7 1009 980 953
7 1009 984 960
7 1009 985 963
6 1008 985 963
7 1009 984 961
7 1009 984 961
8 1008 985 963
8 1009 986 965
8 1009 986 966
8 1009 985 964
7 1009 969 942
8 1008 980 953
10 1009 983 958
8 1009 983 959
13 1009 983 960
6 1009 984 962
7 1009 986 964
7 1008 986 966
7 1009 986 966
10 1009 984 963
7 1009 984 961
9 1008 970 944
6 1009 978 951
8 1008 981 955
7 1009 983 959
7 1009 985 962
6 1009 986 965
8 1009 986 965
13 1009 985 963
7 1009 984 961
6 1009 984 961
7 1009 985 963
16 1009 970 943
7 1009 978 951
7 1009 983 958
9 1009 986 963
7 1009 986 965
7 1009 985 964
12 1009 984 962
7 1009 984 961
7 1009 984 962
7 1009 986 964
8 1008 986 966
6 1009 968 941
7 1009 980 953
7 1009 984 960
7 1009 985 962
18 1009 984 961
6 1009 984 960
7 1009 984 961
10 1009 986 964
7 1009 986 966
7 1009 986 966
7 1009 984 963
6 1009 970 943
7 1009 979 953
7 1009 982 957
7 1009 983 958
9 1009 984 960
7 1009 986 964
7 1008 987 966
7 1009 986 966
7 1009 985 964
8 1009 983 962
7 1009 984 961
6 1009 970 944
7 1009 978 951
7 1009 982 956
7 1009 985 961
7 1009 986 965
10 1009 986 965
7 1008 985 964
8 1009 984 962
7 1009 984 961
7 1009 985 963
7 1009 986 965
6 1009 969 942
7 1009 979 953
7 1009 984 959
7 1009 985 962
7 1009 985 963
7 1009 984 962
10 1009 984 962
7 1009 985 963
7 1009 986 964
10 1009 986 965
10 1009 985 964
6 1009 969 943
9 1008 980 953
8 1008 983 958
7 1009 984 960
7 1009 984 961
7 1009 985 962
6 1009 986 964
7 1009 986 965
7 1009 985 964
7 1009 984 963
7 1009 984 962
6 1009 970 943
8 1009 978 951
7 1009 982 956
7 1009 984 960
7 1008 986 963
6 1009 986 965
8 1008 985 965
13 1009 984 963
8 1008 984 962
7 1009 985 963
7 1009 985 964
8 1009 969 942
7 1008 979 952
7 1009 984 959
8 1009 985 962
6 1008 985 963
9 1009 984 962
9 1009 984 962
7 1009 984 962
7 1009 986 964
10 1009 986 965
6 1009 985 965
6 1008 969 942
9 1009 980 953
7 1009 983 958
14 1009 984 960
6 1009 984 961
7 1009 985 962
7 1009 985 964
7 1008 986 965
7 1009 986 965
8 1008 985 964
12 1009 984 962
6 1009 970 944
7 1009 978 951
7 1008 982 956
7 1009 984 960
7 1009 986 963
7 1009 986 965
7 1009 986 965
7 1009 984 963
7 1009 984 962
9 1009 984 962
10 1008 986 964
6 1009 969 942
6 1009 979 952
10 1008 984 959
6 1009 986 963
6 1009 986 964
6 1009 984 963
7 1009 984 961
9 1009 984 962
7 1009 986 964
7 1009 986 966
8 1008 986 966
6 1009 969 942
7 1008 980 953
7 1009 983 959
7 1008 983 960
7 1009 983 960
7 1009 984 962
7 1009 986 964
7 1009 986 966
7 1009 986 966
7 1009 984 963
16 1008 984 962
11 1009 971 944
7 1009 978 951
7 1008 981 956
6 1009 984 960
7 1009 986 963
7 1009 986 965
6 1008 986 965
9 1008 984 963
6 1009 984 961
10 1008 984 962
6 1009 986 964
8 1008 969 942
8 1008 979 952
19 1008 984 959
7 1009 986 963
7 1009 985 964
8 1008 984 962
8 1008 984 961
10 1009 984 962
7 1009 986 964
18 1008 986 966
6 1009 986 965
6 1009 969 942
22 1009 980 953
8 1008 983 958
6 1009 983 959
7 1009 983 960
7 1009 984 962
7 1009 986 964
8 1008 986 966
7 1009 986 965
8 1008 984 963
7 1009 984 962
6 1009 971 944
8 1008 978 951
7 1009 982 956
6 1009 984 960
6 1009 986 964
7 1009 986 965
7 1009 986 965
7 1009 984 962
8 1008 983 961
9 1008 984 962
7 1009 986 964
7 1009 969 942
7 1009 979 952
7 1009 984 959
7 1009 986 963
9 1009 986 964
7 1009 984 962
9 1008 984 961
7 1009 984 962
7 1008 986 964
7 1009 986 966
7 1009 986 965
6 1009 969 942
8 1009 980 954
7 1009 983 958
7 1009 983 959
7 1009 983 960
7 1009 984 962
7 1009 986 964
6 1008 986 966
7 1009 986 965
7 1009 984 963
7 1009 984 961
13 1008 971 944
8 1008 978 951
8 1009 982 956
16 1009 984 960
9 1008 986 964
7 1009 986 965
7 1009 985 964
9 1008 984 962
6 1009 984 961
6 1008 985 962
7 1008 986 965
7 1009 968 941
19 1008 979 952
7 1009 984 960
7 1009 986 963
7 1009 985 963
9 1008 984 961
11 1009 984 961
7 1009 985 963
7 1009 986 965
6 1009 986 966
8 1009 985 964
8 1008 969 942
6 1009 980 953
7 1009 982 957
10 1009 983 958
7 1009 984 960
8 1008 985 963
7 1009 986 965
6 1009 986 966
7 1009 985 964
9 1008 984 962
8 1008 984 961
7 1008 970 943
11 1009 978 951
8 1008 982 956
7 1009 985 962
6 1009 986 965
7 1009 986 965
8 1008 985 963
7 1009 984 961
7 1009 984 962
[Done] Closed the serial port 

[Starting] Opening the serial port - COM9
[Info] Opened the serial port - COM9
0.00 7 1007 734 616
0.00 9 1006 886 776
0.00 6 1007 946 868
17.62 14 1007 968 913
24.02 7 1006 979 941
31.25 6 1007 981 951
31.64 8 1008 964 932
33.79 10 1008 977 947
31.25 8 1008 981 954
29.88 7 1009 982 956
28.91 7 1009 982 957
30.47 11 1009 982 958
30.08 8 1008 984 961
32.81 7 1008 985 962
32.42 8 1008 985 964
33.01 7 1008 984 963
32.62 8 1009 983 961
32.03 9 1008 968 939
30.86 8 1009 978 950
31.05 7 1008 981 956
30.86 7 1008 982 957
31.25 8 1008 982 958
31.05 7 1008 983 960
31.84 8 1008 984 962
34.18 7 1008 985 964
32.42 6 1008 985 964
31.45 7 1009 985 964
33.59 12 1008 984 962
34.96 20 1008 968 940
32.62 7 1009 978 951
32.81 7 1008 982 956
31.05 7 1008 982 958
30.47 9 1008 983 959
28.32 7 1009 984 960
29.10 7 1008 985 962
31.25 8 1008 986 964
32.03 7 1009 986 965
30.47 7 1008 985 964
28.71 6 1008 984 962
30.08 6 1008 969 941
29.30 7 1009 979 952
30.08 7 1009 982 956
31.64 7 1008 983 958
31.84 8 1008 983 959
29.49 10 1008 984 961
28.71 6 1009 985 963
26.95 10 1008 986 965
25.00 10 1008 986 965
25.78 10 1008 985 964
27.34 7 1009 984 962
28.32 7 1008 969 942
27.93 7 1008 979 952
29.69 7 1008 982 956
29.10 7 1009 982 958
26.76 7 1008 983 959
23.44 7 1009 984 961
24.22 8 1008 985 963
21.68 10 1008 986 965
24.22 8 1009 986 965
27.54 8 1009 984 964
32.23 8 1009 984 962
32.03 7 1008 969 942
34.38 7 1008 979 951
33.40 9 1008 982 956
33.98 7 1008 983 958
32.23 8 1008 983 960
33.59 6 1008 984 962
33.40 9 1008 985 964
30.86 9 1008 986 965
28.12 7 1008 985 964
29.49 20 1009 984 963
28.32 10 1008 983 961
27.15 6 1008 969 942
29.88 10 1009 979 952
31.84 8 1008 981 956
28.91 7 1009 982 958
29.69 7 1009 984 960
31.45 6 1008 985 962
28.52 10 1008 985 964
27.73 7 1009 986 965
28.91 6 1008 985 964
31.45 7 1009 984 963
30.47 9 1008 983 961
35.55 6 1009 970 943
35.16 6 1009 978 952
36.72 7 1008 981 956
33.79 6 1009 983 958
34.18 7 1008 984 960
33.20 7 1008 985 962
34.18 10 1009 986 964
32.23 10 1008 986 965
30.86 7 1009 985 964
28.91 6 1009 984 963
27.93 7 1008 983 961
26.76 6 1009 970 943
27.15 8 1009 978 951
30.08 7 1008 982 956
31.25 7 1008 983 958
31.25 7 1008 984 960
30.27 7 1008 985 962
30.27 7 1009 986 965
29.30 7 1008 986 965
31.25 10 1008 985 964
31.45 6 1009 984 962
30.66 8 1008 984 962
27.93 8 1008 969 942
25.78 7 1008 978 951
22.27 7 1009 982 956
22.85 6 1009 983 959
24.22 8 1009 984 961
27.15 6 1008 985 962
31.45 7 1008 985 963
33.59 9 1008 985 964
35.74 7 1008 985 963
36.91 6 1008 984 962
39.45 15 1008 984 962
36.52 23 1008 969 942
35.94 7 1008 978 951
32.62 6 1009 982 956
31.64 6 1008 983 959
29.10 10 1009 984 961
29.30 9 1008 985 962
28.12 12 1008 985 964
26.76 7 1008 985 964
27.15 7 1009 985 964
25.00 7 1008 984 962
27.54 8 1008 984 962
28.71 7 1009 969 942
30.66 7 1008 978 951
31.25 7 1008 982 956
34.38 7 1008 983 959
31.05 7 1009 984 961
31.05 7 1008 985 962
32.03 7 1008 985 963
32.42 10 1008 985 964
30.27 7 1008 985 963
30.08 20 1008 984 962
29.30 7 1008 984 962
27.73 6 1008 969 942
25.39 9 1009 978 951
24.61 7 1009 982 956
26.95 6 1009 983 959
29.30 7 1008 984 961
27.73 7 1008 985 962
30.47 8 1008 985 964
30.86 7 1008 985 964
27.93 7 1009 984 963
25.00 10 1008 984 963
27.93 8 1008 984 962
27.93 8 1009 970 942
28.32 7 1008 978 951
29.69 7 1008 982 956
29.88 7 1008 983 959
26.56 7 1008 984 961
24.80 7 1008 985 963
26.37 7 1009 985 964
27.15 6 1009 985 964
25.78 10 1008 985 964
27.15 7 1008 984 962
29.10 14 1008 984 962
29.88 7 1009 969 942
29.10 6 1008 978 951
31.25 6 1009 982 956
28.71 8 1009 983 959
24.22 7 1008 984 961
20.51 7 1009 985 963
21.87 13 1008 986 964
21.48 8 1008 985 964
26.37 7 1008 985 964
27.54 7 1008 984 962
29.30 6 1009 984 962
28.12 9 1009 970 943
27.54 8 1009 978 951
25.20 7 1008 982 956
26.95 7 1008 983 959
28.32 6 1009 984 961
29.88 10 1009 985 963
32.42 7 1009 985 964
33.59 8 1008 985 964
33.59 7 1008 985 964
31.84 7 1009 984 963
33.59 7 1008 984 962
30.66 8 1009 970 943
30.27 7 1008 979 952
32.03 7 1009 982 956
33.98 8 1008 983 959
29.88 7 1008 984 961
32.62 7 1009 985 963
31.05 8 1008 985 964
27.54 11 1008 985 964
26.95 12 1008 985 964
25.98 16 1008 984 963
24.41 7 1008 984 962
24.22 6 1009 969 942
26.56 9 1008 978 952
27.54 12 1009 982 957
27.93 7 1009 983 959
28.52 7 1008 984 961
30.27 7 1008 985 962
30.86 13 1008 985 963
29.49 7 1008 985 964
31.84 7 1008 985 964
30.27 7 1008 985 963
28.91 7 1008 984 962
29.30 6 1008 970 942
27.73 9 1008 979 952
29.69 7 1009 982 957
30.27 8 1009 983 959
29.69 9 1008 984 961
28.12 7 1009 985 962
33.40 10 1008 985 964
30.27 7 1008 985 964
31.25 8 1008 985 964
31.05 8 1009 985 964
28.71 7 1008 984 962
26.17 9 1009 969 942
27.15 10 1009 979 952
26.37 7 1008 982 957
30.66 7 1008 983 959
33.59 7 1009 984 960
34.18 7 1008 984 962
35.94 7 1008 985 963
37.70 7 1009 985 964
37.50 11 1009 985 964
37.70 7 1008 985 963
36.91 11 1009 984 963
38.28 7 1009 969 942
40.23 8 1009 979 952
42.19 7 1009 982 957
44.92 7 1008 983 959
45.51 8 1008 984 960
44.73 6 1008 984 962
43.75 7 1008 985 963
44.92 9 1008 985 964
41.80 6 1009 986 964
43.55 7 1009 985 964
44.53 7 1008 984 963
45.70 7 1008 969 942
44.14 10 1008 979 952
46.09 9 1009 982 957
43.95 7 1008 983 959
41.60 7 1008 984 960
41.21 6 1008 984 961
40.23 7 1008 985 963
39.65 10 1008 985 964
41.21 7 1009 985 964
41.02 6 1008 985 964
40.63 6 1008 984 963
40.23 6 1009 969 942
37.50 9 1009 979 952
33.20 7 1008 982 957
35.16 9 1008 983 959
34.38 8 1008 984 960
31.25 7 1008 984 961
33.01 8 1009 985 963
32.03 7 1008 985 964
31.05 7 1008 986 964
29.10 7 1008 985 964
29.10 7 1008 984 963
27.93 6 1008 969 942
30.86 7 1008 979 952
28.52 7 1009 982 957
30.66 16 1008 983 959
31.05 7 1009 984 960
30.66 11 1008 984 961
30.08 7 1008 985 962
30.86 7 1008 985 964
27.54 7 1008 986 964
27.54 9 1008 985 964
27.93 10 1009 984 963
29.10 6 1008 969 941
26.95 7 1008 979 952
30.86 7 1009 982 957
31.05 9 1008 983 959
32.42 7 1008 983 960
29.88 7 1008 984 961
31.45 9 1008 984 962
30.86 7 1008 985 963
31.84 11 1008 986 964
28.91 7 1009 985 964
30.66 7 1008 984 963
33.01 6 1008 969 941
30.08 14 1008 979 952
27.73 8 1008 982 957
29.49 8 1008 983 959
29.69 6 1008 984 960
27.15 9 1008 984 961
28.91 9 1008 984 962
31.64 7 1008 985 963
29.10 7 1008 985 964
27.34 7 1009 985 964
25.00 7 1009 984 963
23.83 8 1008 969 941
21.48 7 1008 979 952
23.44 11 1008 983 957
25.98 6 1009 983 959
30.47 7 1008 983 960
28.52 7 1008 984 961
27.34 9 1008 984 962
26.37 7 1008 985 963
25.39 6 1009 985 964
25.00 10 1008 985 964
26.37 14 1008 985 963
28.32 7 1008 969 941
28.12 16 1008 979 952
31.25 7 1009 982 957
31.05 9 1008 983 959
33.40 10 1008 984 960
33.59 7 1008 984 961
33.40 7 1008 985 962
29.49 7 1008 985 964
27.34 7 1008 986 964
24.22 7 1009 985 964
23.44 6 1008 984 963
27.54 8 1009 969 941
25.39 7 1008 979 952
27.73 6 1008 982 957
30.86 10 1008 983 959
34.38 7 1008 983 960
32.42 9 1009 984 961
35.16 11 1008 985 962
31.84 8 1008 985 964
30.08 8 1008 985 964
27.54 10 1008 985 964
26.17 7 1008 984 963
25.98 9 1009 969 942
27.93 9 1009 979 952
30.86 7 1008 982 957
31.64 7 1008 983 959
31.45 7 1008 984 960
27.93 8 1008 984 961
29.88 8 1008 985 963
27.54 9 1008 986 964
25.00 7 1008 986 964
27.34 7 1008 985 964
29.69 7 1008 984 962
28.52 8 1008 969 942
28.91 9 1009 979 952
30.86 13 1009 982 957
29.88 8 1009 983 959
30.66 7 1008 984 960
30.08 7 1008 984 962
29.10 7 1008 985 963
31.05 7 1009 985 964
31.25 6 1008 985 964
32.62 10 1009 985 963
32.81 6 1008 984 962
31.64 7 1008 969 942
31.45 14 1008 978 951
31.45 9 1008 982 956
30.86 7 1008 983 959
28.91 7 1008 984 961
30.08 6 1008 984 962
26.76 8 1008 985 963
27.34 22 1008 985 964
27.54 6 1009 985 964
28.12 7 1009 984 963
28.32 7 1008 984 962
28.91 6 1009 969 942
29.30 7 1008 978 951
27.34 7 1009 982 956
27.54 6 1008 983 959
27.15 6 1008 984 960
27.15 7 1008 985 962
26.76 7 1008 985 963
29.88 7 1008 985 964
30.86 7 1008 985 964
30.27 8 1008 984 963
32.03 7 1008 984 962
32.62 7 1008 969 942
33.01 7 1008 978 951
31.45 7 1008 982 956
29.10 8 1008 983 959
30.86 7 1008 984 961
29.88 7 1009 985 962
26.37 7 1009 985 963
25.98 7 1008 985 964
29.88 7 1009 985 963
27.15 9 1009 984 962
27.54 7 1009 984 962
28.52 8 1009 969 942
33.40 10 1009 978 951
31.84 8 1008 982 956
30.66 6 1009 983 959
29.69 11 1008 984 961
28.32 7 1009 985 962
25.39 6 1008 985 964
25.98 7 1008 985 964
25.98 6 1008 985 963
25.59 7 1009 984 963
27.54 7 1008 984 962
27.93 7 1008 969 942
26.17 7 1008 978 951
28.71 16 1009 982 956
27.15 7 1009 983 959
27.34 7 1008 984 961
25.78 7 1008 985 963
28.12 12 1008 985 964
26.76 8 1008 985 964
28.71 7 1009 984 963
28.12 7 1009 984 962
30.47 7 1009 984 962
31.05 8 1009 970 942
31.64 7 1008 978 951
33.20 7 1008 982 956
34.38 7 1008 983 959
31.45 7 1008 984 961
30.27 7 1008 985 962
28.32 7 1008 985 963
28.71 6 1008 985 963
25.20 8 1008 984 963
27.93 7 1008 984 962
26.76 7 1008 984 962
26.56 10 1008 969 942
27.73 7 1008 978 951
31.45 6 1008 982 956
28.71 7 1008 984 959
28.71 9 1009 985 962
29.10 9 1008 985 963
26.37 7 1008 985 964
24.22 7 1009 985 963
28.12 10 1009 984 963
28.52 7 1008 984 962
31.64 7 1008 984 962
30.08 7 1008 969 942
31.45 6 1008 978 951
29.30 8 1008 982 956
30.86 7 1008 984 959
29.69 7 1009 985 962
32.81 8 1008 985 963
33.01 6 1008 985 964
34.77 8 1009 985 963
38.09 12 1009 984 963
37.89 10 1009 984 962
37.70 7 1008 984 962
37.89 6 1009 969 942
38.87 10 1008 978 951
36.13 9 1008 982 956
35.94 7 1008 984 959
32.62 7 1008 985 962
30.86 8 1008 985 963
26.56 9 1009 985 963
27.15 6 1008 985 963
24.41 8 1008 984 962
25.98 7 1008 984 962
26.95 7 1008 984 962
25.98 6 1009 969 942
23.63 10 1008 978 951
24.80 9 1008 982 956
22.46 6 1008 984 960
22.85 7 1009 985 962
22.46 6 1009 985 963
22.46 7 1008 985 963
23.24 15 1008 985 963
27.15 8 1008 984 962
26.17 7 1009 984 962
28.91 7 1008 984 962
30.27 8 1009 969 942
30.08 9 1009 978 951
27.34 7 1008 982 956
25.39 7 1008 984 960
25.39 8 1009 984 962
24.22 8 1009 985 963
25.78 7 1008 985 963
24.41 8 1008 984 963
27.34 8 1008 984 962
28.32 15 1009 984 962
31.64 8 1008 984 962
30.66 9 1008 969 942
34.57 7 1008 978 951
33.20 8 1008 982 956
32.23 6 1008 984 959
32.23 7 1008 985 962
32.42 6 1008 985 963
34.57 7 1008 985 963
40.23 14 1008 984 963
44.34 7 1008 984 962
45.31 7 1009 984 961
51.17 7 1008 984 962
53.13 8 1009 969 942
56.25 7 1008 978 950
61.72 9 1008 982 956
66.21 10 1009 984 959
70.70 8 1008 985 962
75.98 9 1009 985 963
81.84 6 1009 985 963
85.35 7 1008 984 962
90.62 9 1008 984 962
97.46 7 1008 984 961
102.54 7 1009 984 962
106.05 6 1008 969 942
116.21 6 1008 978 951
127.54 7 1009 982 956
135.55 8 1009 983 959
143.95 13 1008 984 961
154.10 8 1008 984 961
156.64 7 1008 984 961
158.98 6 1008 984 961
159.77 18 1008 984 961
164.84 6 1008 984 961
167.19 7 1008 984 962
174.22 6 1008 969 941
178.71 10 1008 978 951
185.94 10 1008 982 956
190.63 8 1008 984 959
191.99 9 1008 984 961
192.77 7 1008 984 962
196.09 8 1009 984 962
195.31 6 1008 984 962
194.34 6 1008 984 962
194.14 10 1008 984 962
192.58 8 1008 984 961
190.43 6 1009 969 941
191.99 7 1008 978 951
197.46 9 1008 982 957
202.93 7 1008 984 959
209.96 9 1008 984 961
217.19 7 1009 985 962
226.17 7 1008 984 962
237.30 7 1009 984 962
248.63 8 1008 984 962
257.62 9 1008 984 961
266.99 9 1009 984 962
269.73 6 1009 968 940
269.14 6 1009 978 950
271.68 7 1008 982 956
275.98 6 1008 984 959
276.95 7 1008 985 961
278.13 6 1009 984 962
280.66 7 1008 985 962
279.49 8 1008 985 962
277.15 8 1009 984 962
278.52 6 1009 984 962
281.84 7 1008 984 962
276.76 6 1008 967 939
271.09 6 1009 978 949
270.90 6 1009 982 956
265.04 6 1008 984 959
261.13 7 1009 984 961
259.18 15 1008 984 961
262.30 7 1009 984 962
262.30 8 1008 984 962
267.38 7 1008 985 962
273.83 6 1009 984 962
283.98 6 1008 984 962
292.58 8 1008 967 939
298.83 7 1008 978 949
305.86 6 1009 982 956
307.81 7 1009 983 959
309.96 6 1008 984 960
314.26 7 1008 984 961
315.43 9 1008 984 962
312.11 9 1008 984 962
307.03 6 1008 984 962
303.71 7 1009 984 962
294.53 9 1008 985 962
287.30 7 1008 968 939
281.64 7 1008 978 949
277.73 6 1009 982 955
274.22 7 1008 983 959
273.24 6 1008 984 961
271.88 7 1009 984 961
269.34 11 1008 984 962
269.73 6 1009 984 962
266.60 9 1009 984 962
260.16 24 1008 984 962
257.03 6 1009 985 962
253.91 7 1008 968 940
247.85 7 1009 978 950
241.99 8 1008 982 956
240.04 6 1008 983 959
233.59 7 1008 984 960
229.49 7 1009 984 961
228.71 9 1009 984 962
226.37 7 1008 984 962
222.66 8 1008 984 962
222.46 8 1008 984 962
222.27 6 1009 984 962
223.83 6 1008 969 941
227.34 8 1008 978 950
233.59 7 1009 982 956
240.43 8 1009 983 959
248.24 7 1008 984 960
254.69 6 1008 984 961
261.13 8 1009 984 961
264.45 7 1009 984 961
267.97 6 1009 984 961
270.31 7 1009 984 961
276.95 10 1008 984 961
283.59 6 1008 969 942
296.48 6 1008 978 950
309.57 10 1009 982 956
323.63 7 1008 983 959
335.94 14 1008 984 960
344.14 7 1008 984 961
349.80 7 1008 984 961
354.69 10 1008 984 961
358.59 9 1009 984 961
364.84 19 1008 984 961
372.27 6 1009 984 961
378.71 7 1009 969 942
385.16 6 1008 979 951
393.55 7 1009 982 956
400.59 6 1009 983 959
405.08 7 1008 984 960
410.94 10 1008 984 960
415.63 6 1009 984 961
421.29 9 1008 984 961
419.92 7 1008 984 961
426.95 12 1008 984 961
430.27 9 1008 984 961
434.38 17 1008 968 941
434.38 7 1008 978 950
439.65 7 1008 982 956
442.97 7 1008 984 959
449.02 6 1008 984 960
453.32 7 1009 984 961
460.94 7 1008 984 961
464.65 7 1008 984 961
467.77 7 1009 984 961
471.09 6 1008 984 961
473.05 7 1008 984 961
475.39 8 1008 969 941
482.03 6 1008 979 950
485.55 9 1008 982 956
493.95 6 1008 984 959
507.81 12 1009 984 960
519.73 6 1009 985 961
527.34 6 1009 984 961
543.16 7 1008 984 961
553.52 8 1008 984 961
562.89 6 1008 984 961
575.20 6 1008 984 961
588.87 8 1009 968 939
604.30 6 1008 978 949
618.36 16 1008 982 955
629.49 7 1009 983 958
637.30 7 1008 984 960
645.31 9 1009 984 960
645.31 6 1009 984 961
645.31 8 1008 984 961
645.31 6 1009 984 961
645.31 7 1009 984 961
645.31 14 1008 984 961
645.31 8 1009 967 939
645.31 7 1008 978 949
645.31 7 1009 982 955
645.31 21 1008 984 958
645.31 7 1008 984 960
645.31 6 1009 984 960
645.31 9 1008 984 961
645.31 9 1009 984 961
645.31 8 1008 984 961
645.31 7 1009 984 961
645.31 8 1008 984 961
645.31 6 1009 967 939
645.31 6 1009 978 949
645.31 6 1009 982 955
645.31 7 1008 983 958
645.31 9 1009 984 959
645.31 7 1009 984 960
645.31 7 1008 984 961
645.31 7 1009 984 961
645.31 8 1008 984 961
645.31 7 1009 984 961
645.31 8 1009 984 961
645.31 7 1009 967 939
645.31 8 1008 978 949
645.31 6 1009 982 955
645.31 8 1008 983 958
645.31 7 1009 984 959
645.31 7 1008 984 960
645.31 7 1008 984 960
645.31 8 1008 984 960
645.31 7 1009 984 960
645.31 6 1009 984 961
645.31 7 1009 984 961
645.31 8 1009 967 939
645.31 12 1008 977 948
645.31 6 1008 982 954
645.31 7 1008 983 957
645.31 7 1008 984 959
645.31 8 1009 984 960
645.31 7 1009 984 960
645.31 6 1009 984 960
645.31 7 1008 984 960
645.31 8 1008 984 960
645.31 9 1009 984 960
645.31 9 1008 968 939
645.31 7 1008 978 949
645.31 6 1008 982 954
645.31 6 1009 983 957
645.31 9 1008 984 959
645.31 7 1008 984 959
645.31 7 1008 984 960
645.31 6 1009 984 960
645.31 6 1009 984 960
645.31 8 1008 984 960
645.31 9 1008 984 960
645.31 17 1008 968 940
645.31 6 1009 978 949
645.31 9 1008 982 954
645.31 7 1008 983 957
645.31 7 1009 984 959
645.31 6 1009 984 959
645.31 6 1009 984 959
645.31 6 1009 984 960
645.31 6 1008 984 960
645.31 8 1008 984 960
645.31 6 1009 984 960
645.31 7 1009 968 940
645.31 6 1009 978 949
645.31 7 1008 982 954
645.31 7 1008 983 957
645.31 14 1008 984 958
645.31 7 1008 984 959
645.31 6 1009 984 959
645.31 7 1008 984 959
645.31 6 1008 984 960
645.31 9 1009 984 960
645.31 8 1008 984 960
645.31 6 1009 968 940
645.31 6 1009 978 949
645.31 9 1008 982 954
645.31 9 1009 983 957
645.31 7 1008 984 959
645.31 7 1009 984 959
645.31 6 1009 984 960
645.31 6 1009 984 960
645.31 9 1009 984 960
645.31 7 1009 984 960
645.31 7 1009 984 960
645.31 8 1008 969 941
645.31 7 1009 978 949
645.31 10 1008 982 954
645.31 6 1008 983 957
645.31 6 1009 984 959
645.31 8 1009 984 959
645.31 6 1009 984 959
645.31 6 1009 984 959
645.31 6 1009 984 959
645.31 8 1008 984 959
645.31 7 1009 984 959
645.31 7 1009 969 940
645.31 6 1009 978 949
645.31 6 1008 982 955
645.31 9 1009 983 957
645.31 12 1008 984 959
645.31 9 1008 984 959
645.31 16 1008 984 959
645.31 6 1008 984 959
645.31 7 1008 984 959
645.31 6 1009 984 959
645.31 6 1008 984 959
645.31 8 1008 968 939
645.31 6 1009 978 949
645.31 7 1009 982 955
645.31 7 1009 983 958
645.31 8 1008 984 959
645.31 8 1008 984 959
645.31 12 1008 984 960
645.31 6 1009 984 960
645.31 6 1009 984 960
645.31 8 1008 984 959
645.31 8 1008 984 960
645.31 8 1008 968 939
645.31 7 1008 978 949
645.31 13 1008 982 955
645.31 7 1009 983 957
645.31 7 1009 984 959
645.31 8 1008 984 959
645.31 8 1008 984 960
645.31 7 1009 984 960
645.31 7 1009 984 960
645.31 6 1008 984 960
645.31 6 1009 984 960
645.31 6 1009 967 939
645.31 7 1008 978 948
645.31 16 1008 982 954
645.31 19 1008 984 957
645.31 10 1008 984 959
645.31 6 1008 984 960
645.31 7 1008 984 960
645.31 6 1009 984 960
645.31 6 1009 984 960
645.31 7 1009 984 960
645.31 6 1009 984 960
645.31 7 1008 967 938
645.31 9 1009 978 948
645.31 9 1009 982 954
645.31 8 1008 983 957
645.31 6 1008 984 959
645.31 7 1009 984 960
645.31 7 1009 984 960
645.31 6 1008 984 960
645.31 7 1008 984 960
645.31 6 1008 984 960
645.31 7 1009 984 960
645.31 9 1009 967 938
645.31 8 1009 978 948
645.31 9 1008 982 954
645.31 6 1008 984 957
645.31 6 1009 984 959
645.31 9 1008 984 959
645.31 11 1008 984 960
645.31 7 1008 984 960
645.31 9 1008 984 960
645.31 7 1009 984 960
645.31 9 1009 984 960
645.31 6 1008 967 939
645.31 6 1009 977 948
645.31 7 1009 981 954
645.31 6 1008 983 957
645.31 16 1008 984 958
645.31 7 1008 984 959
645.31 8 1009 984 959
645.31 6 1009 984 960
645.31 11 1008 984 960
645.31 7 1009 984 960
645.31 7 1008 984 960
645.31 6 1009 968 939
645.31 6 1008 978 948
645.31 10 1008 981 954
645.31 7 1008 983 957
645.31 6 1008 984 958
645.31 7 1009 984 959
645.31 10 1008 984 959
645.31 7 1009 984 959
645.31 8 1009 984 959
645.31 8 1009 984 959
645.31 7 1008 984 959
645.31 7 1008 968 940
645.31 6 1008 978 949
645.31 7 1008 982 954
645.31 6 1009 983 957
645.31 10 1008 984 958
645.31 8 1009 984 959
645.31 9 1009 984 959
645.31 9 1008 984 959
645.31 7 1009 984 959
645.31 6 1009 984 959
645.31 9 1009 984 959
645.31 7 1009 968 940
645.31 7 1008 978 949
645.31 6 1008 982 954
645.31 7 1009 983 957
645.31 7 1009 983 958
645.31 14 1008 984 958
645.31 7 1008 984 959
645.31 7 1009 984 959
645.31 6 1008 983 959
645.31 6 1008 983 959
645.31 7 1008 984 959
645.31 6 1009 969 940
645.31 7 1008 978 949
645.31 8 1008 982 954
645.31 6 1009 983 957
645.31 6 1009 984 958
645.31 6 1008 984 959
645.31 6 1008 984 959
645.31 7 1009 984 959
645.31 8 1009 984 959
645.31 7 1009 984 959
645.31 7 1009 984 959
645.31 6 1008 968 940
645.31 6 1008 978 949
645.31 6 1009 982 954
645.31 7 1009 983 957
645.31 7 1008 984 958
645.31 6 1008 984 959
645.31 6 1009 984 959
645.31 9 1008 984 959
645.31 7 1008 984 959
645.31 7 1008 984 959
645.31 7 1009 984 959
645.31 6 1008 968 939
645.31 7 1008 978 948
645.31 6 1008 982 954
645.31 7 1009 983 957
645.31 6 1008 983 958
645.31 6 1009 985 961
645.31 7 1008 985 961
645.31 7 1009 983 959
645.31 6 1008 983 957
645.31 6 1009 984 958
645.31 6 1008 984 959
645.31 6 1008 966 937
645.31 8 1009 978 947
645.31 12 1008 981 953
645.31 6 1009 991 965
645.12 9 1008 1010 989
644.73 6 1008 971 952
644.14 7 1008 976 951
643.36 7 1008 981 955
642.77 7 1008 977 953
642.38 6 1008 985 957
642.19 8 1008 981 957
642.77 7 1008 969 943
643.55 9 1009 978 949
644.14 7 1008 982 954
644.73 10 1008 984 957
645.31 8 1009 984 958
645.31 7 1008 984 958
645.31 7 1009 984 959
645.31 7 1009 984 959
645.31 7 1009 984 959
645.31 7 1009 984 959
645.31 7 1009 984 959
645.31 18 1009 968 939
645.31 8 1008 979 948
645.12 8 1008 981 952
645.12 8 1009 982 955
645.12 8 1008 983 956
645.12 7 1009 983 957
645.12 6 1008 984 958
645.31 7 1009 984 958
645.31 6 1008 984 958
645.31 7 1008 984 958
632.23 9 1009 983 958
616.80 7 1008 968 939
603.91 9 1009 978 948
558.98 7 1008 980 950
534.57 7 1008 985 957
547.66 7 1008 984 958
488.09 7 1009 984 959
419.92 7 1009 984 959
383.20 7 1008 984 959
320.51 10 1008 984 960
231.45 9 1009 984 960
213.67 7 1008 984 959
189.26 6 1009 968 940
208.40 6 1008 978 949
218.16 7 1008 981 954
197.07 9 1008 982 956
184.57 9 1008 987 962
183.98 7 1008 991 967
142.77 7 1008 987 965
119.53 10 1008 985 962
129.10 9 1008 984 962
131.05 7 1008 984 959
130.08 6 1009 986 963
125.39 7 1008 963 934
121.68 7 1008 975 944
122.85 7 1008 980 952
139.65 6 1008 983 956
150.78 7 1008 984 958
164.26 6 1008 984 959
171.48 7 1008 984 959
172.85 7 1008 984 960
157.42 7 1008 984 960
155.86 7 1009 984 960
152.73 6 1008 984 960
150.39 7 1008 967 939
147.27 9 1008 978 949
151.37 9 1008 982 955
151.76 7 1008 983 957
151.37 7 1008 984 958
152.34 7 1009 984 959
154.88 7 1008 984 960
155.08 7 1008 984 960
157.81 8 1008 984 960
156.84 6 1009 984 960
159.77 7 1009 983 960
162.11 10 1009 967 940
259.96 7 1009 977 947
336.91 7 1009 984 954
335.94 6 1009 983 957
349.61 7 1009 983 958
446.09 6 1008 984 959
446.09 9 1009 984 959
463.67 7 1009 984 960
564.26 6 1009 984 960
646.29 6 1009 984 960
612.50 7 1009 984 961
503.13 8 1009 968 940
389.45 8 1009 978 949
286.52 7 1008 982 955
196.48 8 1009 983 958
141.21 8 1009 984 959
161.33 8 1008 984 960
196.88 7 1009 984 960
222.27 8 1008 984 960
227.54 7 1008 984 960
222.27 7 1009 984 961
216.60 7 1009 984 961
185.94 7 1008 968 940
150.98 6 1009 978 950
119.92 6 1009 982 955
101.17 7 1008 984 958
81.84 7 1009 984 960
74.80 7 1008 984 960
73.83 8 1009 984 961
76.56 9 1009 984 961
75.98 9 1008 984 961
77.73 10 1009 984 960
77.93 10 1009 985 961
88.48 6 1008 969 943
83.98 6 1009 978 950
85.16 10 1009 982 956
90.23 12 1009 984 960
101.76 8 1008 984 961
92.58 7 1009 985 961
94.73 7 1009 984 960
93.16 10 1009 984 961
84.77 19 1009 984 961
71.68 7 1009 984 960
68.75 13 1009 985 961
68.95 6 1009 968 940
67.58 6 1009 978 949
68.16 7 1008 982 955
70.12 8 1009 984 958
67.58 8 1009 984 960
66.21 7 1009 984 960
64.84 7 1009 984 960
64.84 7 1009 984 960
63.48 8 1009 985 961
63.48 7 1009 985 962
65.23 7 1009 984 961
64.65 7 1008 968 940
63.67 7 1009 978 950
66.41 7 1009 982 955
68.16 14 1008 984 959
65.43 8 1008 984 960
65.23 7 1009 984 960
67.19 7 1009 984 960
63.67 7 1009 984 960
64.65 6 1009 984 960
64.26 7 1009 984 961
63.87 8 1009 984 961
61.33 6 1009 968 940
62.89 9 1009 978 950
60.16 7 1009 982 956
60.55 10 1009 984 959
63.09 7 1009 984 960
64.06 9 1009 984 960
64.06 7 1008 984 960
65.23 8 1009 984 960
66.80 9 1009 984 960
65.82 7 1009 984 960
64.26 7 1009 984 961
63.28 6 1009 968 940
66.41 6 1009 978 950
68.75 7 1008 982 955
71.48 10 1008 984 958
75.00 9 1009 984 960
79.88 8 1009 984 960
81.84 7 1009 984 960
82.81 10 1009 985 961
83.79 12 1009 985 961
85.74 7 1009 984 961
87.11 8 1009 984 961
88.28 7 1009 968 940
90.62 7 1009 978 949
97.66 7 1009 982 955
133.59 7 1008 984 958
168.55 6 1008 984 959
176.76 9 1009 984 960
183.20 6 1008 985 961
183.20 7 1008 984 960
153.52 7 1009 984 961
124.41 8 1008 984 960
121.29 6 1008 984 961
119.73 6 1008 969 940
121.29 8 1009 978 950
121.87 7 1008 982 956
118.36 9 1009 983 958
115.82 7 1008 985 960
111.72 6 1009 985 961
107.23 9 1009 984 961
98.05 7 1009 984 961
89.06 7 1009 984 962
77.15 8 1009 984 961
69.73 7 1009 984 961
63.28 9 1009 969 941
64.06 7 1008 978 950
68.36 7 1009 982 956
72.46 7 1009 984 959
74.41 6 1009 985 961
76.17 7 1009 984 960
71.48 7 1009 985 962
66.21 11 1009 985 962
64.65 7 1009 984 961
60.35 9 1009 984 961
57.62 9 1009 984 961
57.81 10 1008 970 941
58.40 7 1009 978 951
56.84 7 1009 982 956
58.98 9 1009 984 959
58.79 7 1009 984 959
62.70 9 1008 984 959
64.45 7 1009 984 960
67.58 7 1009 984 960
68.95 7 1009 984 960
71.48 16 1009 984 960
71.48 8 1009 984 960
73.63 7 1009 968 940
74.02 9 1009 978 949
76.17 7 1008 982 954
78.71 9 1009 984 958
77.54 7 1008 984 959
79.10 8 1008 985 960
82.42 12 1008 984 960
81.25 9 1009 984 960
77.73 7 1008 984 960
77.54 6 1009 984 960
74.61 7 1009 984 960
71.87 10 1009 968 940
69.92 7 1009 979 950
67.19 7 1009 982 955
64.06 7 1008 984 958
63.87 20 1008 985 960
59.77 8 1008 984 960
57.42 9 1009 984 960
55.47 7 1008 985 961
54.30 8 1009 985 961
54.88 8 1009 984 961
55.08 8 1008 984 960
59.38 6 1009 968 941
58.20 7 1008 978 950
59.18 8 1009 983 956
55.27 7 1009 984 958
57.03 7 1009 984 960
53.91 8 1009 985 961
59.96 7 1008 984 961
62.11 14 1008 984 961
64.06 7 1009 985 961
64.06 11 1009 984 961
66.02 18 1009 983 959
59.38 23 1009 968 942
56.25 7 1008 979 952
49.80 24 1008 983 956
44.92 7 1009 984 958
37.70 11 1009 985 961
39.65 7 1009 984 960
36.91 8 1009 984 960
40.04 7 1009 984 960
39.45 7 1008 984 960
41.41 14 1009 984 961
39.45 7 1009 984 961
41.99 7 1008 968 941
38.87 7 1008 978 950
37.89 8 1009 982 956
39.45 11 1008 984 959
40.04 7 1009 984 960
40.63 7 1009 984 960
41.99 10 1008 984 960
43.75 10 1009 985 962
43.16 7 1009 985 961
42.97 7 1009 984 961
41.21 7 1008 984 961
40.82 7 1008 968 940
43.55 10 1008 978 949
44.14 7 1008 982 955
43.16 9 1009 983 957
41.41 7 1009 984 959
41.60 7 1009 984 960
36.91 16 1008 984 960
35.94 18 1009 984 960
34.77 8 1009 984 960
33.59 7 1008 984 960
33.20 7 1008 984 960
36.33 8 1009 968 940
37.50 8 1009 978 950
37.30 10 1008 983 955
39.84 7 1009 985 958
49.22 11 1009 984 959
53.71 7 1009 983 959
56.25 8 1008 984 960
59.18 7 1009 983 959
63.09 7 1008 985 961
58.59 10 1009 985 961
55.66 9 1009 983 958
56.45 7 1009 968 940
58.40 13 1009 978 949
58.01 7 1009 982 955
57.42 8 1009 984 958
56.84 7 1009 984 959
55.27 7 1008 984 960
53.91 8 1009 984 960
53.13 8 1009 984 960
54.49 7 1008 984 960
55.08 14 1009 984 961
56.05 7 1009 984 961
60.35 9 1009 968 941
61.72 9 1009 978 950
59.38 7 1009 982 955
59.96 7 1009 983 958
57.62 8 1008 984 959
54.10 7 1008 985 960
54.88 7 1009 984 960
56.25 10 1009 984 960
53.71 10 1009 984 961
54.69 7 1008 984 960
54.10 7 1008 984 960
54.30 15 1009 969 941
51.95 8 1009 979 950
56.25 9 1008 982 955
58.59 6 1008 984 958
61.72 12 1008 984 959
58.01 9 1009 984 960
60.35 7 1009 984 960
56.84 10 1008 985 961
54.30 7 1008 984 960
49.61 7 1009 984 960
51.17 9 1009 985 960
50.98 9 1009 965 936
51.17 7 1009 977 947
53.52 8 1009 982 954
54.88 7 1008 984 958
53.52 7 1009 984 959
49.80 7 1009 984 960
50.78 7 1008 984 960
47.66 7 1008 984 960
45.70 11 1008 985 961
46.88 8 1009 984 960
48.05 9 1009 984 960
44.92 7 1008 968 941
46.88 10 1009 978 950
45.90 10 1009 982 955
43.55 9 1008 983 958
41.02 10 1009 984 959
41.02 8 1009 984 959
37.89 9 1008 989 966
39.65 18 1009 988 967
40.23 7 1009 990 969
43.75 8 1009 988 966
45.12 7 1009 985 963
42.97 7 1009 969 941
44.34 19 1009 979 950
44.92 8 1008 982 955
43.36 7 1008 984 958
44.34 7 1009 982 958
45.90 8 1008 983 959
43.55 8 1006 986 963
42.97 10 1008 983 958
43.95 15 1009 984 960
43.55 10 1009 983 960
46.88 9 1008 984 960
47.46 7 1009 968 940
46.48 11 1008 978 950
47.66 8 1008 982 955
47.07 8 1008 984 958
45.90 8 1008 984 959
48.63 7 1009 984 960
51.17 7 1009 983 958
50.20 7 1009 976 949
50.00 8 1009 982 955
45.31 9 1009 985 960
42.77 8 1008 988 964
40.23 7 1008 975 949
39.26 7 1009 979 952
37.30 7 1008 980 954
40.23 7 1009 983 957
40.04 7 1008 984 959
40.43 7 1008 984 959
40.23 9 1009 984 960
40.63 7 1009 984 960
36.72 7 1009 984 960
37.50 18 1009 984 961
37.30 7 1008 984 960
32.81 10 1009 968 941
31.84 8 1008 978 949
35.94 7 1009 982 954
35.35 8 1009 984 958
36.33 7 1009 984 959
39.84 7 1008 984 960
41.80 9 1009 984 960
38.09 7 1009 984 960
35.94 10 1009 984 960
35.16 8 1009 984 961
37.50 7 1009 984 961
35.74 7 1008 969 941
39.45 10 1009 978 950
41.80 7 1008 983 956
43.95 8 1008 984 960
40.82 9 1008 984 959
40.43 7 1009 984 960
40.63 8 1009 984 960
41.02 7 1009 984 960
38.48 17 1009 984 960
39.84 7 1009 984 960
41.21 7 1009 984 960
41.21 29 1009 969 941
36.91 7 1009 979 950
36.52 9 1009 982 955
35.35 8 1009 984 958
33.59 7 1008 984 959
33.01 7 1008 984 960
35.74 10 1008 985 961
34.18 7 1008 983 959
36.91 13 1009 981 957
38.67 7 1008 983 959
35.94 8 1008 984 960
36.33 8 1009 968 941
37.11 11 1009 978 950
35.94 10 1009 982 956
34.96 7 1008 983 958
36.91 9 1009 984 959
36.33 15 1009 984 960
37.89 9 1009 984 960
40.63 7 1009 984 960
39.65 8 1009 984 960
39.45 7 1009 984 960
38.67 10 1009 984 961
38.67 10 1009 968 941
33.59 9 1008 978 950
34.96 10 1009 982 955
34.18 12 1009 984 958
35.94 14 1009 984 959
36.13 7 1009 984 960
37.30 9 1009 984 960
37.70 10 1009 984 960
38.09 17 1009 984 960
34.18 14 1009 984 961
33.20 8 1008 984 961
35.16 8 1008 968 941
37.89 7 1008 978 950
36.72 7 1008 982 955
39.45 7 1008 984 958
40.43 7 1008 984 959
37.89 21 1008 984 960
37.11 9 1009 984 960
38.48 7 1008 984 960
37.70 18 1008 984 961
34.77 8 1009 984 960
36.13 7 1009 984 960
33.98 8 1009 968 941
34.77 12 1009 979 951
35.94 10 1008 982 955
38.48 10 1009 984 958
37.11 7 1009 984 959
37.30 7 1008 984 960
34.96 8 1009 984 960
33.79 17 1008 984 960
30.86 9 1009 984 960
29.88 14 1009 984 961
26.95 13 1008 984 961
28.91 14 1009 968 941
31.84 8 1008 978 950
33.79 8 1008 982 955
34.57 8 1009 984 958
36.52 8 1008 984 959
35.55 10 1009 984 960
33.20 17 1009 984 960
33.59 12 1008 984 960
33.01 8 1008 984 960
34.96 13 1009 984 960
38.67 9 1008 984 960
36.91 7 1009 968 940
35.16 7 1009 978 950
35.94 7 1009 982 955
35.74 7 1009 984 958
32.23 8 1009 984 960
35.35 14 1009 984 960
36.33 8 1008 984 960
37.50 7 1009 984 960
38.87 7 1009 984 960
45.12 8 1008 984 960
53.91 9 1009 984 960
62.50 8 1009 968 941
69.14 9 1009 978 950
79.49 9 1009 982 955
78.91 10 1008 984 958
74.80 7 1008 984 959
69.92 7 1009 984 960
72.66 14 1008 984 960
63.67 8 1008 984 960
68.75 7 1009 984 960
73.63 11 1008 984 960
72.46 9 1008 984 960
68.55 7 1009 969 941
74.80 8 1009 978 950
66.99 8 1008 982 955
57.81 10 1009 984 958
60.16 9 1009 984 959
58.20 8 1008 984 960
54.10 7 1008 984 960
60.94 7 1009 984 960
61.33 7 1008 984 960
57.23 9 1009 984 960
53.52 7 1008 984 960
46.68 9 1009 968 941
36.33 7 1009 978 950
33.20 9 1008 982 955
35.94 7 1009 984 958
36.52 7 1009 984 959
36.33 8 1008 984 960
35.94 7 1008 984 960
38.28 7 1009 984 960
33.98 8 1008 984 960
33.40 10 1008 984 960
33.98 7 1009 984 960
33.98 7 1009 968 941
33.79 10 1008 978 950
31.64 14 1008 982 955
29.69 8 1009 983 958
26.56 8 1009 984 959
25.78 13 1009 984 960
23.83 9 1009 984 960
26.95 7 1008 984 960
26.76 22 1009 984 960
30.66 6 1009 984 960
32.23 10 1008 984 960
33.59 6 1009 968 941
33.98 8 1009 978 950
33.40 14 1009 982 955
34.38 7 1008 984 958
34.57 8 1008 984 960
33.79 7 1008 984 960
33.59 9 1009 984 960
34.77 7 1008 984 960
32.42 7 1008 984 960
33.40 7 1008 984 960
31.45 9 1009 984 961
29.30 8 1009 968 941
31.45 10 1009 978 950
30.08 12 1008 982 955
28.71 7 1009 984 958
31.84 12 1009 984 959
32.62 7 1008 984 960
30.86 9 1008 984 960
32.42 7 1008 984 960
33.79 9 1009 984 960
34.57 15 1009 984 961
35.55 24 1009 984 961
36.13 7 1008 968 940
38.28 7 1009 978 949
36.91 12 1009 982 954
35.35 11 1009 984 957
35.74 7 1009 984 958
33.79 11 1008 984 959
30.27 20 1009 984 960
28.52 8 1009 984 960
28.32 7 1008 984 960
28.71 7 1008 984 960
30.08 7 1008 984 960
30.66 7 1008 968 941
30.27 11 1008 978 949
29.88 8 1008 982 955
28.71 7 1009 984 958
29.69 7 1009 984 959
29.69 9 1009 984 960
31.64 8 1008 984 960
32.81 7 1009 984 960
33.59 8 1008 984 960
33.01 8 1008 984 960
33.98 9 1008 984 960
32.03 7 1009 968 941
30.86 7 1008 978 950
29.49 7 1008 982 955
29.88 7 1009 984 958
31.25 7 1009 984 959
32.62 11 1008 984 960
32.03 7 1009 984 960
32.42 8 1009 984 960
36.13 14 1008 984 960
34.77 10 1009 984 961
34.77 11 1009 984 961
36.91 11 1009 969 941
36.52 7 1008 978 950
31.64 7 1008 982 955
32.03 7 1009 984 958
30.08 13 1008 984 960
28.71 13 1009 984 960
31.05 7 1008 984 960
31.64 9 1008 984 960
31.64 11 1009 984 960
31.84 7 1008 984 960
29.69 7 1008 984 961
26.95 9 1009 968 941
27.15 7 1009 978 950
27.73 9 1009 982 955
30.47 7 1009 984 958
34.77 10 1009 984 960
34.18 10 1009 984 960
33.98 7 1008 984 960
33.79 7 1008 984 961
32.42 10 1009 985 962
30.08 7 1009 984 961
29.30 7 1008 985 961
29.49 7 1009 969 942
26.37 8 1009 978 950
26.76 7 1008 982 956
25.98 7 1009 984 958
28.32 7 1008 984 960
27.73 8 1009 984 960
29.10 7 1008 984 960
28.52 7 1009 984 961
29.10 7 1008 984 961
31.64 9 1008 984 961
31.84 8 1008 984 961
32.62 8 1009 969 941
30.47 7 1009 979 950
30.86 8 1009 982 956
29.10 7 1008 984 958
30.08 7 1008 984 960
32.23 7 1009 984 960
37.11 11 1008 984 961
38.48 9 1008 984 961
40.82 9 1009 984 961
39.06 7 1009 984 961
38.48 10 1009 984 961
41.60 12 1009 969 941
41.60 7 1008 978 950
39.45 7 1009 982 956
41.80 7 1009 984 958
38.28 7 1008 984 960
31.25 8 1009 984 960
28.71 8 1008 984 961
30.27 15 1008 984 961
30.27 8 1009 984 961
32.03 7 1008 984 961
32.23 7 1009 984 961
31.45 6 1009 969 941
27.54 7 1009 979 950
27.54 7 1009 982 956
26.95 8 1008 984 958
28.71 11 1008 984 960
30.27 7 1009 984 960
31.25 7 1009 984 961
29.69 9 1008 984 961
28.71 10 1009 984 961
30.47 7 1009 984 961
32.03 8 1009 984 961
32.62 6 1009 969 941
33.79 6 1009 978 950
36.72 6 1009 982 956
37.11 7 1009 984 958
35.16 8 1008 984 960
33.40 14 1009 985 961
33.20 7 1008 984 961
29.69 7 1009 984 961
26.95 7 1008 984 961
28.32 7 1008 984 961
30.27 7 1009 984 961
28.32 10 1009 969 941
33.79 10 1008 979 950
36.33 7 1009 982 956
35.55 9 1009 984 958
31.64 7 1009 984 960
34.18 9 1008 985 960
29.10 7 1009 984 961
29.10 11 1009 984 961
30.27 10 1009 984 961
34.38 18 1009 985 961
34.57 7 1009 985 961
37.50 14 1009 969 941
38.87 7 1009 978 950
39.45 7 1008 982 955
42.58 7 1008 984 958
40.82 7 1008 984 960
39.65 7 1009 984 960
36.72 7 1008 984 960
36.13 7 1009 984 961
30.08 12 1009 985 961
31.64 8 1009 985 961
34.57 7 1008 984 961
33.01 7 1008 969 942
32.42 10 1008 979 950
37.89 7 1008 982 956
36.13 8 1009 984 958
32.62 7 1009 984 960
33.20 7 1009 984 960
33.20 7 1008 984 961
33.40 17 1008 985 961
35.74 7 1008 984 961
37.30 7 1008 984 961
36.52 7 1008 984 961
36.72 7 1009 969 941
34.18 8 1008 979 950
33.40 14 1009 983 956
33.59 7 1009 984 958
35.16 8 1008 984 960
34.57 7 1008 984 960
34.18 7 1008 985 961
31.64 7 1008 984 961
30.47 7 1009 985 962
28.32 10 1009 984 961
25.20 7 1008 984 961
26.37 6 1009 969 941
26.76 7 1008 978 950
26.17 9 1009 982 956
26.95 9 1009 984 958
30.08 7 1009 984 960
29.88 10 1009 984 960
29.49 8 1009 984 961
30.08 7 1009 984 961
33.40 11 1009 984 961
33.20 7 1008 984 961
31.45 6 1009 984 961
28.91 8 1008 969 941
30.86 7 1009 979 950
30.08 7 1008 982 956
28.12 7 1009 984 958
28.12 8 1009 984 960
30.66 7 1009 984 961
29.69 10 1009 985 961
29.69 7 1009 985 961
32.81 7 1008 985 961
35.35 8 1009 984 961
36.72 10 1008 984 961
35.35 10 1009 969 941
34.77 9 1009 979 950
31.64 7 1008 982 956
29.30 8 1008 984 958
27.34 7 1009 985 960
28.91 7 1009 985 961
28.91 9 1009 985 961
32.23 7 1009 985 961
31.64 7 1009 985 961
33.98 9 1009 985 961
32.81 15 1009 985 961
32.81 7 1009 969 942
29.88 7 1008 979 951
